0.00223582
0.00215667
0.00228055
0.00234378
0.00222119
0.00239719
0.00232520
0.00217670
0.00215187
0.00211615
0.00227693
0.00224639
0.00213874
0.00213894
0.00214650
0.00206816
0.00236233
0.00221527
0.00225879
0.00221143
0.00217199
0.00242970
0.00226110
0.00219376
0.00220940
0.00229874
0.00257783
0.00246841
0.00241346
0.00224102
0.00219090
0.00204850
0.00211073
0.00231510
0.00221106
0.00219841
0.00233925
0.00193753
0.00199619
0.00183170
0.00197175
0.00209925
0.00214583
0.00205661
0.00222311
0.00230634
0.00274032
0.00259084
0.00257207
0.00239839
0.00238760
0.00221311
0.00255460
0.00239382
0.00221704
0.00226200
0.00222500
0.00216435
0.00194324
0.00193957
0.00212909
0.00237869
0.00224485
0.00235488
0.00242668
0.00244863
0.00231510
0.00227805
0.00232498
0.00223631
0.00211337
0.00212714
0.00222232
0.00233562
0.00268012
0.00272639
0.00254866
0.00231860
0.00215493
0.00239272
0.00229142
0.00232347
0.00257029
0.00249150
0.00286386
0.00371567
0.00335817
0.00412823
0.00473631
0.00507513
0.00538475
0.00424156
0.00432394
0.00807351
0.00509055
0.00362200
0.00098190
0.00236966
0.00289627
0.00251343
0.00226629
0.00175644
0.00173936
0.00259743
0.00479192
0.00293910
0.00254805
0.00213171
0.00070908
0.00104789
0.00083435
0.00137005
0.00226812
0.00206046
0.00194325
0.00165943
0.00129471
0.00112098
0.00158513
0.00227482
0.00229139
0.00286909
0.00272083
0.00264216
0.00252188
0.00244530
0.00252178
0.00308432
0.00330409
0.00319272
0.00249120
0.00271716
0.00236871
0.00139203
0.00153993
0.00065383
0.00056834
0.00133326
0.00193203
0.00227235
0.00246266
0.00254863
0.00251735
0.00271989
0.00267565
0.00231458
0.00186419
0.00179382
0.00186432
0.00198386
0.00218192
0.00215032
0.00183850
0.00231343
0.00220562
0.00203352
0.00245198
0.00298961
0.00323702
0.00310343
0.00249290
0.00235417
0.00202768
0.00153921
0.00204761
0.00218552
0.00221712
0.00247573
0.00270412
0.00297105
0.00303375
0.00261122
0.00207140
0.00266919
0.00259737
0.00245886
0.00221928
0.00187938
0.00105082
0.00041687
0.00152932
0.00311482
0.00287656
0.00288314
0.00319786
0.00332966
0.00404987
0.00355054
0.00370378
0.00342636
0.00280832
0.00274006
0.00263772
0.00240609
0.00222743
0.00254632
0.00330622
0.00323235
0.00244568
0.00130526
0.00175136
0.00114083
0.00097100
0.00129888
0.00113606
0.00145453
0.00208861
0.00238775
0.00213530
0.00225905
0.00228479
0.00235353
0.00272063
0.00254513
0.00218063
0.00175857
0.00178685
0.00109429
0.00136661
0.00155489
0.00106951
0.00147546
0.00097067
0.00086788
0.00178029
0.00251740
0.00247045
0.00252447
0.00245630
0.00225770
0.00235257
0.00283407
0.00286160
0.00303140
0.00282993
0.00283487
0.00233940
0.00184096
0.00199489
0.00190619
0.00182655
0.00230201
0.00246258
0.00258868
0.00201216
0.00191336
0.00212286
0.00207722
0.00214282
0.00225381
0.00224448
0.00222584
0.00205997
0.00183605
0.00200413
0.00230182
0.00216273
0.00178524
0.00167383
0.00182562
0.00165894
0.00158166
0.00184063
0.00195748
0.00180627
0.00203082
0.00213418
0.00222497
0.00240901
0.00238270
0.00238141
0.00245408
0.00307843
0.00283914
0.00283886
0.00241590
0.00194948
0.00200628
0.00209338
0.00236838
0.00234664
0.00230639
0.00233065
0.00272771
0.00288773
0.00213619
0.00219629
0.00213522
0.00213360
0.00205562
0.00205424
0.00178849
0.00194288
0.00203123
0.00206001
0.00216902
0.00239591
0.00236116
0.00245496
0.00285888
0.00261301
0.00238860
0.00221022
0.00223217
0.00250172
0.00290213
0.00266885
0.00267432
0.00369541
0.00398467
0.00301269
0.00090358
0.00426219
0.00318454
0.00269192
0.00244134
0.00173285
0.00140885
0.00216884
0.00275069
0.00255810
0.00261443
0.00368330
0.00337631
0.00287039
0.00293683
0.00280570
0.00291035
0.00297303
0.00253352
0.00162011
0.00239598
0.00231563
0.00184023
0.00160196
0.00187580
0.00260102
0.00235271
0.00218933
0.00238306
0.00224546
0.00252412
0.00219160
0.00223748
0.00174833
0.00172821
0.00203531
0.00235488
0.00187458
0.00203753
0.00158523
0.00198679
0.00234490
0.00260840
0.00290727
0.00271470
0.00265924
0.00238541
0.00211050
0.00239313
0.00218859
0.00233649
0.00240358
0.00319371
0.00359794
0.00325554
0.00368341
0.00313418
0.00282422
0.00290698
0.00298672
0.00257804
0.00268108
0.00240808
0.00206960
0.00132515
0.00134803
0.00174440
0.00205737
0.00254222
0.00285362
0.00260652
0.00274476
0.00241316
0.00142344
0.00189515
0.00197089
0.00199649
0.00161488
0.00131266
0.00137145
0.00013950
0.00183281
0.00205673
0.00251652
0.00245729
0.00226894
0.00229717
0.00232685
0.00229216
0.00219976
0.00235081
0.00313952
0.00289208
0.00291869
0.00240690
0.00222247
0.00214962
0.00186051
0.00203799
0.00182963
0.00204825
0.00197379
0.00218920
0.00206181
0.00220180
0.00226673
0.00233822
0.00273467
0.00215971
0.00215551
0.00234006
0.00242984
0.00239981
0.00259770
0.00250279
0.00202701
0.00223079
0.00272205
0.00266964
0.00250463
0.00222775
0.00147479
0.00096010
0.00082167
0.00100373
0.00140300
0.00143359
0.00113364
0.00120211
0.00228810
0.00268327
0.00225438
0.00227559
0.00236204
0.00179227
0.00194424
0.00200588
0.00233322
0.00267232
0.00291573
0.00271711
0.00261910
0.00250127
0.00250117
0.00239424
0.00247014
0.00262227
0.00283621
0.00296389
0.00267321
0.00195526
0.00208003
0.00201986
0.00195841
0.00190154
0.00200696
0.00248002
0.00251199
0.00250380
0.00261350
0.00237574
0.00236420
0.00261953
0.00245955
0.00225887
0.00213049
0.00183234
0.00184112
0.00189628
0.00158227
0.00171741
0.00202791
0.00218377
0.00191957
0.00179555
0.00166046
0.00199787
0.00230361
0.00249053
0.00214402
0.00225564
0.00253429
0.00224533
0.00215286
0.00222971
0.00150497
0.00221413
0.00207655
0.00231422
0.00270201
0.00260533
0.00279213
0.00259431
0.00246207
0.00233123
0.00215066
0.00200052
0.00206225
0.00207559
0.00190258
0.00186367
0.00186739
0.00161202
0.00182384
0.00199838
0.00238483
0.00221801
0.00222164
0.00203825
0.00210889
0.00208853
0.00187100
0.00198045
0.00156824
0.00177439
0.00175479
0.00204781
0.00224729
0.00292813
0.00238647
0.00231868
0.00229333
0.00225977
0.00224712
0.00223776
0.00240877
0.00211046
0.00209049
0.00198746
0.00203341
0.00188264
0.00207958
0.00234775
0.00260244
0.00245662
0.00224710
0.00221619
0.00219031
0.00246099
0.00239774
0.00248883
0.00276315
0.00285866
0.00266778
0.00251520
0.00238674
0.00173987
0.00162270
0.00166576
0.00160411
0.00178546
0.00172275
0.00164893
0.00207847
0.00239279
0.00247476
0.00287276
0.00260509
0.00220644
0.00244864
0.00221992
0.00224309
0.00238897
0.00235201
0.00231426
0.00241560
0.00299420
0.00315053
0.00292308
0.00322208
0.00272983
0.00251428
0.00239008
0.00281134
0.00279882
0.00237114
0.00207532
0.00149820
0.00151923
0.00196497
0.00226160
0.00214138
0.00242396
0.00255735
0.00237993
0.00194328
0.00253484
0.00273599
0.00256490
0.00239861
0.00245485
0.00241746
0.00269481
0.00251233
0.00236925
0.00210033
0.00210357
0.00200208
0.00184023
0.00149858
0.00139180
0.00185620
0.00239645
0.00251808
0.00255442
0.00315767
0.00288197
0.00269157
0.00250875
0.00255544
0.00267839
0.00243679
0.00187466
0.00177236
0.00183372
0.00200651
0.00243538
0.00225019
0.00198021
0.00171111
0.00158773
0.00179647
0.00191909
0.00213560
0.00220817
0.00227026
0.00205007
0.00209627
0.00195803
0.00214424
0.00252212
0.00303408
0.00316638
0.00275410
0.00244956
0.00285640
0.00286462
0.00263744
0.00235958
0.00179144
0.00192884
0.00203671
0.00209450
0.00215071
0.00180124
0.00199266
0.00196331
0.00169683
0.00189615
0.00176214
0.00191610
0.00191436
0.00204297
0.00207487
0.00178327
0.00167084
0.00188265
0.00207497
0.00228597
0.00259030
0.00248679
0.00233056
0.00226793
0.00225856
0.00223847
0.00227197
0.00213955
0.00202546
0.00207688
0.00217899
0.00206380
0.00180966
0.00207218
0.00218569
0.00236499
0.00243475
0.00212674
0.00214969
0.00203840
0.00189952
0.00161204
0.00162806
0.00185374
0.00212748
0.00246067
0.00242681
0.00250151
0.00242133
0.00248834
0.00319237
0.00288727
0.00253598
0.00155284
0.00157660
0.00181654
0.00195795
0.00210138
0.00199532
0.00210740
0.00231146
0.00229055
0.00224734
0.00231753
0.00251035
0.00263250
0.00259077
0.00254467
0.00249138
0.00239938
0.00242929
0.00264911
0.00245108
0.00254301
0.00235728
0.00238728
0.00219887
0.00221891
0.00220978
0.00217835
0.00205629
0.00216994
0.00218850
0.00225894
0.00233083
0.00241550
0.00237084
0.00234310
0.00245532
0.00249430
0.00247069
0.00279214
0.00275751
0.00254256
0.00241356
0.00226500
0.00190451
0.00196444
0.00191415
0.00211617
0.00186910
0.00188013
0.00209104
0.00230625
0.00234768
0.00244212
0.00261720
0.00256009
0.00284527
0.00294121
0.00299672
0.00338423
0.00365322
0.00385280
0.00393418
0.00375418
0.00294585
0.00238547
0.00267704
0.00305448
0.00267091
0.00193512
0.00198568
0.00218619
0.00188609
0.00195505
0.00197629
0.00185228
0.00215760
0.00232033
0.00236388
0.00288501
0.00309859
0.00293329
0.00254808
0.00155879
0.00180271
0.00184857
0.00186039
0.00198295
0.00201745
0.00192099
0.00197612
0.00171427
0.00194838
0.00216068
0.00292052
0.00301027
0.00301326
0.00260325
0.00214534
0.00223207
0.00218207
0.00200970
0.00208893
0.00226680
0.00234055
0.00217405
0.00135324
0.00163321
0.00198118
0.00186131
0.00198713
0.00191527
0.00155291
0.00125647
0.00188291
0.00258889
0.00243054
0.00183705
0.00187457
0.00216831
0.00225624
0.00261628
0.00289882
0.00258449
0.00274476
0.00243758
0.00223314
0.00218638
0.00203457
0.00234862
0.00223466
0.00211083
0.00200971
0.00188605
0.00173649
0.00203803
0.00216075
0.00218049
0.00222496
0.00228997
0.00203060
0.00219331
0.00220972
0.00238512
0.00217671
0.00236268
0.00262340
0.00295643
0.00272142
0.00259795
0.00252334
0.00243314
0.00253849
0.00240641
0.00227235
0.00201928
0.00161598
0.00163743
0.00181138
0.00193092
0.00229936
0.00221285
0.00217772
0.00198766
0.00209083
0.00234965
0.00304719
0.00280237
0.00269933
0.00243454
0.00224534
0.00177237
0.00172767
0.00187150
0.00196812
0.00222947
0.00214805
0.00213491
0.00194635
0.00185280
0.00200992
0.00225521
0.00228586
0.00230910
0.00254577
0.00300670
0.00266377
0.00256236
0.00242130
0.00227625
0.00216495
0.00183585
0.00195651
0.00207703
0.00219537
0.00271354
0.00286417
0.00276753
0.00257868
0.00136980
0.00128267
0.00159725
0.00192726
0.00179120
0.00199319
0.00232632
0.00229847
0.00216696
0.00223156
0.00241067
0.00230799
0.00226805
0.00210319
0.00214890
0.00215352
0.00203332
0.00221642
0.00236091
0.00215758
0.00209232
0.00214798
0.00212245
0.00218536
0.00221367
0.00136102
0.00169573
0.00210211
0.00169954
0.00095011
0.00095458
0.00071941
0.00159667
0.00180317
0.00144684
0.00087778
0.00166170
0.00237247
0.00314464
0.00319932
0.00278067
0.00153531
0.00124290
0.00164374
0.00185131
0.00196465
0.00206988
0.00219056
0.00209979
0.00244477
0.00268400
0.00326931
0.00303174
0.00336514
0.00301295
0.00287422
0.00233142
0.00244367
0.00248409
0.00232770
0.00204835
0.00208416
0.00214379
0.00195760
0.00216866
0.00239194
0.00215555
0.00226117
0.00233338
0.00288711
0.00281657
0.00367824
0.00366367
0.00323006
0.00291505
0.00266957
0.00182655
0.00188453
0.00187372
0.00185743
0.00179044
0.00195386
0.00228482
0.00222889
0.00200824
0.00203768
0.00183181
0.00203038
0.00234655
0.00233648
0.00242432
0.00236886
0.00229471
0.00199571
0.00204276
0.00188965
0.00183864
0.00206119
0.00234895
0.00238173
0.00261704
0.00265265
0.00256419
0.00275717
0.00260021
0.00264246
0.00247838
0.00238843
0.00240516
0.00231156
0.00231274
0.00225379
0.00216205
0.00214700
0.00230245
0.00225502
0.00227901
0.00306007
0.00325228
0.00309052
0.00319358
0.00262023
0.00203551
0.00190540
0.00096791
0.00077107
0.00083367
0.00095031
0.00123044
0.00161008
0.00112951
0.00115695
0.00163005
0.00178061
0.00176118
0.00196179
0.00203709
0.00230285
0.00284754
0.00271035
0.00222590
0.00241563
0.00262492
0.00228948
0.00235849
0.00236052
0.00263876
0.00273856
0.00264608
0.00244430
0.00206936
0.00207979
0.00234636
0.00212564
0.00203586
0.00202116
0.00201481
0.00212757
0.00232673
0.00222216
0.00221112
0.00214016
0.00207556
0.00209940
0.00209723
0.00191911
0.00206967
0.00240663
0.00239087
0.00210019
0.00167196
0.00167514
0.00175847
0.00190900
0.00220432
0.00233233
0.00246852
0.00243767
0.00205356
0.00203071
0.00217021
0.00210466
0.00198376
0.00166408
0.00202794
0.00199465
0.00201773
0.00158345
0.00163478
0.00198445
0.00259480
0.00320037
0.00278480
0.00249805
0.00228228
0.00245173
0.00257704
0.00260479
0.00247317
0.00241915
0.00237994
0.00262321
0.00268554
0.00248999
0.00225026
0.00209363
0.00217807
0.00238999
0.00232111
0.00234146
0.00268640
0.00253991
0.00254693
0.00241115
0.00225285
0.00215697
