0.00557287
0.00512387
0.00488809
0.00344785
0.00221266
0.00226690
0.00296131
0.00336725
0.00377110
0.00372648
0.00397316
0.00433432
0.00421916
0.00455800
0.00528143
0.00622454
0.00669517
0.00633363
0.00621690
0.00653907
0.00652243
0.00676808
0.00660186
0.00652683
0.00649950
0.00585188
0.00474528
0.00382818
0.00407217
0.00479965
0.00524252
0.00500166
0.00489931
0.00529813
0.00526094
0.00550841
0.00599024
0.00621416
0.00551002
0.00455448
0.00401406
0.00391632
0.00394484
0.00437728
0.00461568
0.00423363
0.00395288
0.00380888
0.00352693
0.00364105
0.00349476
0.00361650
0.00405868
0.00457268
0.00531193
0.00580780
0.00563878
0.00557762
0.00598142
0.00635072
0.00657307
0.00626960
0.00570887
0.00540587
0.00539890
0.00475327
0.00444940
0.00392924
0.00225109
0.00068492
0.00041327
0.00130901
0.00155443
0.00215492
0.00390056
0.00460607
0.00520390
0.00582942
0.00666292
0.00776692
0.00851734
0.00916445
0.00819137
0.00656673
0.00592606
0.00495620
0.00416091
0.00360593
0.00403439
0.00403695
0.00366891
0.00339529
0.00438567
0.00550734
0.00727656
0.00718921
0.00668436
0.00685070
0.00744176
0.00832355
0.00813317
0.00670513
0.00512136
0.00421561
0.00324912
0.00274994
0.00326190
0.00432781
0.00493492
0.00547627
0.00635052
0.00632337
0.00571202
0.00564246
0.00606060
0.00611654
0.00521193
0.00402667
0.00332530
0.00327133
0.00397550
0.00467207
0.00517809
0.00535559
0.00582854
0.00594105
0.00558291
0.00604443
0.00622411
0.00601364
0.00617010
0.00658050
0.00655945
0.00624768
0.00538922
0.00462787
0.00467413
0.00438628
0.00339353
0.00288076
0.00321320
0.00381989
0.00395755
0.00377233
0.00358631
0.00361246
0.00364600
0.00420311
0.00492603
0.00554608
0.00595495
0.00543436
0.00493704
0.00472966
0.00467825
0.00503072
0.00498711
0.00438966
0.00425828
0.00445966
0.00462039
0.00464852
0.00429705
0.00435577
0.00519035
0.00644107
0.00663248
0.00703633
0.00757767
0.00738707
0.00661096
0.00622648
0.00568530
0.00471168
0.00403435
0.00398725
0.00386325
0.00420959
0.00478587
0.00532039
0.00527164
0.00505908
0.00506029
0.00516061
0.00478900
0.00467810
0.00474958
0.00481178
0.00477371
0.00464821
0.00447059
0.00452892
0.00491391
0.00576094
0.00614704
0.00613320
0.00579594
0.00607767
0.00673074
0.00603762
0.00525038
0.00514628
0.00520341
0.00543628
0.00575925
0.00574728
0.00567401
0.00483796
0.00433825
0.00460778
0.00527690
0.00574510
0.00561705
0.00511131
0.00421202
0.00317490
0.00289203
0.00253941
0.00244859
0.00314426
0.00406782
0.00465436
0.00530580
0.00546622
0.00530546
0.00530128
0.00559600
0.00555271
0.00562942
0.00590216
0.00563233
0.00539929
0.00550880
0.00593676
0.00636767
0.00620832
0.00557161
0.00535706
0.00472640
0.00424054
0.00411028
0.00419847
0.00419630
0.00443019
0.00488319
0.00518280
0.00532272
0.00571381
0.00622192
0.00604469
0.00579320
0.00551590
0.00481512
0.00470033
0.00451551
0.00405060
0.00404204
0.00422149
0.00441794
0.00452979
0.00470078
0.00482123
0.00493867
0.00494543
0.00457463
0.00445155
0.00476517
0.00503576
0.00552489
0.00562774
0.00567135
0.00593045
0.00630699
0.00612737
0.00585011
0.00544088
0.00482045
0.00441675
0.00443677
0.00458069
0.00479716
0.00473628
0.00467984
0.00462586
0.00468096
0.00472408
0.00471647
0.00502662
0.00531406
0.00541607
0.00551341
0.00556514
0.00548413
0.00533888
0.00502230
0.00478026
0.00470416
0.00502238
0.00641918
0.00725304
0.00757790
0.00683922
0.00558318
0.00493456
0.00482964
0.00459462
0.00551286
0.00652844
0.00665280
0.00583798
0.00536968
0.00538464
0.00456454
0.00339095
0.00277985
0.00283308
0.00313365
0.00396466
0.00470765
0.00536081
0.00519641
0.00499731
0.00559541
0.00657934
0.00698952
0.00654550
0.00594307
0.00382768
0.00193091
0.00194645
0.00230540
0.00280958
0.00331669
0.00327115
0.00353889
0.00456741
0.00548837
0.00651947
0.00732876
0.00789309
0.00722257
0.00617211
0.00555161
0.00611011
0.00613460
0.00616258
0.00618295
0.00536091
0.00461353
0.00396925
0.00321268
0.00339220
0.00370861
0.00390633
0.00373384
0.00381882
0.00376917
0.00379863
0.00427632
0.00562961
0.00672308
0.00684616
0.00635023
0.00611818
0.00661483
0.00710228
0.00669501
0.00583433
0.00460158
0.00371584
0.00348034
0.00386981
0.00396832
0.00400000
0.00393121
0.00408626
0.00479849
0.00530808
0.00513028
0.00432043
0.00407559
0.00424952
0.00414358
0.00408640
0.00438006
0.00503317
0.00557894
0.00594247
0.00570594
0.00517382
0.00485637
0.00509094
0.00532705
0.00531694
0.00536313
0.00577304
0.00611781
0.00613039
0.00586180
0.00540499
0.00495544
0.00431965
0.00391549
0.00416638
0.00448886
0.00478850
0.00520223
0.00547038
0.00530612
0.00547369
0.00580955
0.00586145
0.00591566
0.00600400
0.00542934
0.00485679
0.00446045
0.00419293
0.00419348
0.00461124
0.00483514
0.00526986
0.00526504
0.00415836
0.00319958
0.00320755
0.00323939
0.00338626
0.00419626
0.00471691
0.00450250
0.00488292
0.00535608
0.00591142
0.00626864
0.00656021
0.00679283
0.00654298
0.00641818
0.00598455
0.00542033
0.00497529
0.00489274
0.00487990
0.00450313
0.00384909
0.00345668
0.00379525
0.00419018
0.00479893
0.00532797
0.00502031
0.00432675
0.00447289
0.00507971
0.00539973
0.00618653
0.00639392
0.00625231
0.00663358
0.00701913
0.00607864
0.00494156
0.00505370
0.00493903
0.00494394
0.00489423
0.00477935
0.00510455
0.00562021
0.00549786
0.00509714
0.00455423
0.00397495
0.00371288
0.00411911
0.00438526
0.00482490
0.00520329
0.00554727
0.00582299
0.00619592
0.00636610
0.00596059
0.00588854
0.00630123
0.00614527
0.00530844
0.00450287
0.00409736
0.00362134
0.00377375
0.00424214
0.00458327
0.00460556
0.00445633
0.00461258
0.00533721
0.00608335
0.00632824
0.00655115
0.00612427
0.00558740
0.00506780
0.00505378
0.00498277
0.00480103
0.00430845
0.00382361
0.00377702
0.00419648
0.00439126
0.00424279
0.00431170
0.00433463
0.00434364
0.00475495
0.00521979
0.00561570
0.00553583
0.00560490
0.00596947
0.00614163
0.00581401
0.00517631
0.00472828
0.00495203
0.00511805
0.00491463
0.00499540
0.00515395
0.00511242
0.00502583
0.00490743
0.00473030
0.00473560
0.00542399
0.00610077
0.00659921
0.00658584
0.00609095
0.00549761
0.00516878
0.00445734
0.00397840
0.00409502
0.00435823
0.00465935
0.00448720
0.00412405
0.00413945
0.00433822
0.00456554
0.00438993
0.00397250
0.00383687
0.00390536
0.00438351
0.00507581
0.00545729
0.00550716
0.00551558
0.00520636
0.00515256
0.00525051
0.00558338
0.00565332
0.00574339
0.00547995
0.00513953
0.00508010
0.00507177
0.00494482
0.00480094
0.00516292
0.00560677
0.00595488
0.00589111
0.00554264
0.00533359
0.00514467
0.00519020
0.00528087
0.00518448
0.00485329
0.00447559
0.00441203
0.00428762
0.00406860
0.00419834
0.00434911
0.00463399
0.00517979
0.00540186
0.00488549
0.00452650
0.00440766
0.00443347
0.00428517
0.00443779
0.00483725
0.00551245
0.00599468
0.00624260
0.00605154
0.00569049
0.00529613
0.00519305
0.00514036
0.00496218
0.00484919
0.00486042
0.00442439
0.00371194
0.00347967
0.00374763
0.00456417
0.00512388
0.00557087
0.00602146
0.00593705
0.00603725
0.00611841
0.00605623
0.00559919
0.00525074
0.00506273
0.00498534
0.00481472
0.00470816
0.00451939
0.00406928
0.00393180
0.00427545
0.00495800
0.00548737
0.00675704
0.00764281
0.00877078
0.00894295
0.00812458
0.00628103
0.00461443
0.00346468
0.00333072
0.00408193
0.00452632
0.00419944
0.00509027
0.00507876
0.00439185
0.00376225
0.00363865
0.00365724
0.00361884
0.00406092
0.00469375
0.00452159
0.00468619
0.00494428
0.00476487
0.00473726
0.00506808
0.00551768
0.00577915
0.00588344
0.00589363
0.00596606
0.00545636
0.00505628
0.00523917
0.00542527
0.00521219
0.00463581
0.00423589
0.00421056
0.00447178
0.00456311
0.00469577
0.00461013
0.00460377
0.00476623
0.00506445
0.00535139
0.00563528
0.00592323
0.00579209
0.00558846
0.00516552
0.00503513
0.00510484
0.00504478
0.00458538
0.00419436
0.00424699
0.00510660
0.00609732
0.00616542
0.00599395
0.00557400
0.00512642
0.00480478
0.00462416
0.00438850
0.00439090
0.00444414
0.00453050
0.00478018
0.00495744
0.00504757
0.00508718
0.00509743
0.00512172
0.00528685
0.00539409
0.00537594
0.00531358
0.00486222
0.00448903
0.00454338
0.00467596
0.00471316
0.00487714
0.00496630
0.00491013
0.00488673
0.00496050
0.00516815
0.00516254
0.00511551
0.00513219
0.00508654
0.00500989
0.00507447
0.00505435
0.00479344
0.00454354
0.00451379
0.00470651
0.00495204
0.00514124
0.00540982
0.00552966
0.00534300
0.00521787
0.00532638
0.00533138
0.00513031
0.00483668
0.00461634
0.00443221
0.00453322
0.00489359
0.00511931
0.00516848
0.00490151
0.00463794
0.00452532
0.00470682
0.00498882
0.00524909
0.00531923
0.00525017
0.00532295
0.00547905
0.00540473
0.00533843
0.00546283
0.00561948
0.00536739
0.00527447
0.00513267
0.00499046
0.00511359
0.00527065
0.00541371
0.00542694
0.00506251
0.00479785
0.00477222
0.00456463
0.00418277
0.00384325
0.00380887
0.00393786
0.00412486
0.00445325
0.00459039
0.00505812
0.00555271
0.00588483
0.00606230
0.00586547
0.00582887
0.00560236
0.00513445
0.00489794
0.00489593
0.00503461
0.00544073
0.00547298
0.00546297
0.00546704
0.00556441
0.00560354
0.00541205
0.00516511
0.00504491
0.00500794
0.00478187
0.00453815
0.00439068
0.00433034
0.00440730
0.00462056
0.00461736
0.00464760
0.00449496
0.00379556
0.00212657
0.00086401
0.00115729
0.00133616
0.00289620
0.00445411
0.00567566
0.00627726
0.00666803
0.00721757
0.00733753
0.00675119
0.00607397
0.00562198
0.00602700
0.00620601
0.00678819
0.00709021
0.00672005
0.00632577
0.00597508
0.00529103
0.00489337
0.00433088
0.00414204
0.00471999
0.00488888
0.00404175
0.00340320
0.00321160
0.00381263
0.00469195
0.00532645
0.00594416
0.00622231
0.00649931
0.00722796
0.00702272
0.00634253
0.00576867
0.00566174
0.00500724
0.00429048
0.00406754
0.00395322
0.00447349
0.00486567
0.00529398
0.00594844
0.00593299
0.00556123
0.00539941
0.00548501
0.00553516
0.00520863
0.00479547
0.00485404
0.00544900
0.00578244
0.00543093
0.00473732
0.00422511
0.00423225
0.00454763
0.00455664
0.00468072
0.00472513
0.00456659
0.00468618
0.00469007
0.00457209
0.00414827
0.00417221
0.00435504
0.00449957
0.00429550
0.00435663
0.00492401
0.00531454
0.00566649
0.00578591
0.00577140
0.00571362
0.00562328
0.00583173
0.00593971
0.00571267
0.00549871
0.00552677
0.00563942
0.00551136
0.00552638
0.00566371
0.00552629
0.00517039
0.00468382
0.00429989
0.00390141
0.00391081
0.00441328
0.00465202
0.00462876
0.00461696
0.00476541
0.00496617
0.00515752
0.00523596
0.00502689
0.00475968
0.00469912
0.00471660
0.00480495
0.00435528
0.00358051
0.00340303
0.00337406
0.00377882
0.00433564
0.00527290
0.00590220
0.00611290
0.00616908
0.00628684
0.00618912
0.00616144
0.00629053
0.00625263
0.00624887
0.00592257
0.00526740
0.00476297
0.00464114
0.00487504
0.00494072
0.00489881
0.00459660
0.00426622
0.00436283
0.00453921
0.00501768
0.00512549
0.00510421
0.00485764
0.00468354
0.00445285
0.00427568
0.00440580
0.00451830
0.00482030
0.00547115
0.00593513
0.00576343
0.00550511
0.00537033
0.00492939
0.00471751
0.00478804
0.00531560
0.00560930
0.00592646
0.00600193
0.00559090
0.00511366
0.00500092
0.00546765
0.00607884
0.00595841
0.00579683
0.00529008
0.00479312
0.00500250
0.00514860
0.00491369
0.00448002
0.00427067
0.00450504
0.00412992
0.00386773
0.00375514
0.00393267
0.00457022
0.00511740
0.00528514
0.00514244
0.00508778
0.00543707
0.00553362
0.00581664
0.00595291
0.00596121
0.00611805
0.00556693
0.00500105
0.00489055
0.00481300
0.00501636
0.00520263
0.00510624
0.00486663
0.00461968
0.00453981
0.00448891
0.00443023
0.00472872
0.00511879
0.00539638
0.00602210
0.00675048
0.00649744
0.00619995
0.00546506
0.00491686
0.00465987
0.00449650
0.00491014
0.00534652
0.00519430
0.00454798
0.00435764
0.00404611
0.00381468
0.00379466
0.00386094
0.00410531
0.00439726
0.00443871
0.00444594
0.00439712
0.00461573
0.00493307
0.00527412
0.00594959
0.00628216
0.00582696
0.00542810
0.00535703
0.00509977
0.00490201
0.00495438
0.00520264
0.00539155
0.00563490
0.00541583
0.00502858
0.00479430
0.00460149
0.00442083
0.00442351
0.00437921
0.00422327
0.00434490
0.00473896
0.00465253
0.00468367
0.00507863
0.00538544
0.00551390
0.00546283
0.00558746
0.00568979
0.00552731
0.00541010
0.00501370
0.00460865
0.00452545
0.00457030
0.00478004
0.00495538
0.00536428
0.00555215
0.00573313
0.00590052
0.00558823
0.00538693
0.00532722
0.00509813
0.00481087
0.00463427
0.00497069
0.00492146
0.00476438
0.00488258
0.00515784
0.00526831
0.00534653
0.00526154
0.00515899
0.00500739
0.00485246
0.00479683
0.00483330
0.00483733
0.00471900
0.00427698
0.00408766
0.00435574
0.00453351
0.00455383
0.00480202
0.00509367
0.00525925
0.00519025
0.00529963
0.00555423
0.00566669
0.00561877
0.00515934
0.00457042
0.00440209
0.00443749
0.00451797
0.00470521
0.00499412
0.00516177
0.00545876
0.00586765
0.00590672
0.00566372
0.00543062
0.00526364
0.00519515
0.00522237
0.00494505
0.00460488
0.00436931
0.00417551
0.00417098
0.00391197
0.00394364
0.00431028
0.00461393
0.00506414
0.00555649
0.00614524
0.00645246
0.00615913
0.00567777
0.00524498
0.00495024
0.00452936
0.00423717
0.00444908
0.00430537
0.00412003
0.00425088
0.00421995
0.00494934
0.00561543
0.00597568
0.00579625
0.00548109
0.00557098
0.00574967
0.00569749
0.00544691
0.00564627
0.00570824
0.00549695
0.00489486
0.00465041
0.00417472
0.00349545
0.00344342
0.00327639
0.00433597
0.00499016
0.00521262
0.00520480
0.00551767
0.00560179
0.00631846
0.00742254
0.00738148
0.00668105
0.00609262
0.00522797
0.00474276
0.00412803
0.00362863
0.00324902
0.00293410
0.00121817
0.00184828
0.00284464
0.00361438
0.00482233
0.00628833
0.00692565
0.00740324
0.00717913
0.00647607
0.00568774
0.00462804
0.00418907
0.00398780
0.00448336
0.00486098
0.00582013
0.00741020
0.00743555
0.00705362
0.00759263
0.00788623
0.00782031
0.00720700
0.00542741
0.00415066
0.00364079
0.00299068
0.00268659
0.00263239
0.00265212
0.00354981
0.00465435
0.00503683
0.00485252
0.00522838
0.00588839
0.00605469
0.00564609
0.00512983
0.00425234
0.00360267
0.00375235
0.00439835
0.00518710
0.00516491
0.00523510
0.00532828
0.00537404
0.00553659
0.00588478
0.00627117
0.00654180
0.00634006
0.00564796
0.00511762
0.00483273
0.00470874
0.00427144
0.00389355
0.00413635
0.00420730
0.00386491
0.00366545
0.00335579
0.00329597
0.00378589
0.00450746
0.00555760
0.00624210
0.00604876
0.00546207
0.00497055
0.00450564
0.00441921
0.00466500
0.00575209
0.00619639
0.00606839
0.00546589
0.00551280
0.00565434
0.00557573
0.00579587
0.00616281
0.00611170
0.00560279
0.00501651
0.00479846
0.00523634
0.00533491
0.00488061
0.00424835
0.00377700
0.00362191
0.00390834
0.00412901
0.00403397
0.00414227
0.00455014
0.00477810
0.00547639
0.00624972
0.00614925
0.00592637
0.00667250
0.00747319
0.00735985
0.00642429
0.00530897
0.00533056
0.00564927
0.00673509
0.00825340
0.00784779
0.00671821
0.00507143
0.00441510
0.00428245
0.00423267
0.00494453
0.00583247
0.00638224
0.00506160
0.00301975
0.00198099
0.00135193
0.00121479
0.00202743
0.00221273
0.00290535
0.00412038
0.00507551
0.00617465
0.00646462
0.00594651
0.00497566
0.00410362
0.00376320
0.00417928
0.00480913
0.00494824
0.00540566
0.00626787
0.00634961
0.00644223
0.00697042
0.00679398
0.00634222
0.00608586
0.00601595
0.00628538
0.00612547
0.00596187
0.00485280
0.00347526
0.00278494
0.00297730
0.00296764
0.00279719
0.00327481
0.00398243
0.00479125
0.00570975
0.00611343
0.00635719
0.00583807
0.00538208
0.00509834
0.00490535
0.00500038
0.00388658
0.00262795
0.00212467
0.00282559
0.00377089
0.00469476
0.00580341
0.00635900
0.00617564
0.00620300
0.00587122
0.00552475
0.00527877
0.00543454
0.00595675
0.00604846
0.00574017
0.00502124
0.00478952
0.00493973
0.00500821
0.00543291
0.00589047
0.00598255
0.00638328
0.00646540
0.00625192
0.00559288
0.00470051
0.00446977
0.00434577
0.00426055
0.00465785
0.00461107
0.00423314
0.00425301
0.00402674
0.00353059
0.00360130
0.00379413
0.00402166
0.00467616
0.00555636
0.00609536
0.00611129
0.00588071
0.00565764
0.00553685
0.00549623
0.00620272
0.00738218
0.00736742
0.00679299
0.00633979
0.00644875
0.00631056
0.00583985
0.00449973
0.00396056
0.00353792
0.00300366
0.00307391
0.00362202
0.00398402
0.00436656
0.00495203
0.00534013
0.00562774
0.00631372
0.00644153
0.00578615
0.00525862
0.00459102
0.00438347
0.00459556
0.00453083
0.00413431
0.00386718
0.00422964
0.00470302
0.00499629
0.00501589
0.00505725
0.00526006
0.00521667
0.00516003
0.00484748
0.00439962
0.00438359
0.00472910
0.00500976
0.00532706
0.00582955
0.00625110
0.00637792
0.00656538
0.00628459
0.00581823
0.00522670
0.00473869
0.00497583
0.00577309
0.00584772
0.00571156
0.00642651
0.00599403
0.00559683
0.00569907
0.00594623
0.00563245
0.00424135
0.00319313
0.00266015
0.00270974
0.00298348
0.00297275
0.00284414
0.00333559
0.00402381
0.00441851
0.00501888
0.00583900
0.00596254
0.00595406
0.00629035
0.00665906
0.00675286
0.00704506
0.00730437
0.00653319
0.00531074
0.00487434
0.00451889
0.00375630
0.00386806
0.00423152
0.00462663
0.00539160
0.00529349
0.00366853
0.00282084
0.00318757
0.00390510
0.00459466
0.00522867
0.00603285
0.00589458
0.00600000
0.00564414
0.00493532
0.00464391
0.00417097
0.00400114
0.00437884
0.00457290
0.00462124
0.00429904
0.00432058
0.00465167
0.00467169
0.00473682
0.00488845
0.00600170
0.00655014
0.00685245
0.00676035
0.00614602
0.00544684
0.00504869
0.00503768
0.00497261
0.00462429
0.00454074
0.00470141
0.00487613
0.00493366
0.00493377
0.00460862
0.00442833
0.00423548
0.00460158
0.00504807
0.00521027
0.00548799
0.00593366
0.00601169
0.00581191
0.00550186
0.00523257
0.00529964
0.00542030
0.00517917
0.00499585
0.00488799
0.00467923
0.00456360
0.00449730
0.00449685
0.00458163
0.00452536
0.00416817
0.00424896
0.00475817
0.00530294
0.00545754
0.00541968
0.00524480
0.00511847
0.00525539
0.00586927
0.00615670
0.00604913
0.00572166
0.00542266
0.00545772
0.00541835
0.00514878
0.00487748
0.00469499
0.00450092
0.00456446
0.00517050
0.00583042
0.00594259
0.00552425
0.00491957
0.00449596
0.00409594
0.00379352
0.00373460
0.00381730
0.00400002
0.00441599
0.00497802
0.00548736
0.00563101
0.00589381
0.00613319
0.00612584
0.00567719
0.00503477
0.00487968
0.00504218
0.00502726
0.00504888
0.00502256
0.00513563
0.00500893
0.00477505
0.00469147
0.00470021
0.00476641
0.00483967
0.00461268
0.00469477
0.00476566
0.00496730
0.00529684
0.00545055
0.00633407
0.00712382
0.00749452
0.00686339
0.00587390
0.00516456
0.00499890
0.00561368
0.00666518
0.00676587
0.00574331
0.00404234
0.00292662
0.00313599
0.00313261
0.00321931
0.00371398
0.00342465
0.00259237
0.00275603
0.00320773
0.00381611
0.00437912
0.00469285
0.00446633
0.00467060
0.00524739
0.00611939
0.00670244
0.00649026
0.00616877
0.00567389
0.00501193
0.00423194
0.00424045
0.00391202
0.00338205
0.00365847
0.00406488
0.00470906
0.00543156
0.00593326
0.00630687
0.00631968
0.00649916
0.00688247
0.00599845
0.00524938
0.00490443
0.00472233
0.00429760
0.00379316
0.00418113
0.00469571
0.00506993
0.00538466
0.00546151
0.00563216
0.00589326
0.00579488
0.00537905
0.00521698
0.00502241
0.00487629
0.00461746
0.00371208
0.00329941
0.00337934
0.00407092
0.00481654
0.00523696
0.00528581
0.00566234
0.00614924
0.00639816
0.00623778
0.00615242
0.00603725
0.00550147
0.00502728
0.00466418
0.00486549
0.00521002
0.00546975
0.00570086
0.00574666
0.00582932
0.00612743
0.00606813
0.00548881
0.00520493
0.00510259
0.00452851
0.00409680
0.00388335
0.00388055
0.00418933
0.00434340
0.00411976
0.00427990
0.00468537
0.00537463
0.00569392
0.00578004
0.00571938
0.00550865
0.00509322
0.00480285
0.00467743
0.00460385
0.00449754
0.00438148
0.00430211
0.00451835
0.00496807
0.00538997
0.00553004
0.00550437
0.00534615
0.00538224
0.00549421
0.00541393
0.00528896
0.00493732
0.00444051
0.00424734
0.00434543
0.00441790
0.00471652
0.00515750
0.00552726
0.00578356
0.00562052
0.00520423
0.00497471
0.00497928
0.00515480
0.00518657
0.00511236
0.00481623
0.00396975
0.00342529
0.00369550
0.00403947
0.00430439
0.00449741
0.00505853
0.00557297
0.00569046
0.00609748
0.00625306
0.00598542
0.00595739
0.00594333
0.00599629
0.00594601
0.00564031
0.00508784
0.00470581
0.00457014
0.00458626
0.00448248
0.00443113
0.00458977
0.00489690
0.00521079
0.00535393
0.00534213
0.00538871
0.00535113
0.00518373
0.00500447
0.00476336
0.00425037
0.00403531
0.00396770
0.00399533
0.00445768
0.00503848
0.00529827
0.00534092
0.00538023
0.00645600
0.00725032
0.00731102
0.00650524
0.00572137
0.00513423
0.00451340
0.00433451
0.00439203
0.00434557
0.00443469
0.00473233
0.00524582
0.00552791
0.00570098
0.00581713
0.00538497
0.00484690
0.00462476
0.00487283
0.00471114
0.00462404
0.00446618
0.00452910
0.00444178
0.00439391
0.00459878
0.00504875
0.00535400
0.00531806
0.00512501
0.00494893
0.00508346
0.00527938
0.00563782
0.00578149
0.00541206
0.00514232
0.00496893
0.00474537
0.00457575
0.00465012
0.00483796
0.00491084
0.00503872
0.00505376
0.00488581
0.00428832
0.00426506
0.00434601
0.00443096
0.00466306
0.00503246
0.00541770
0.00536542
0.00525208
0.00522286
0.00530515
0.00531705
0.00524400
0.00486284
0.00460659
0.00467675
0.00501990
0.00544498
0.00562645
0.00563433
0.00573657
0.00574749
0.00538669
0.00508006
0.00494326
0.00507843
0.00558586
0.00532401
0.00502604
0.00490247
0.00497959
0.00487027
0.00473961
0.00445519
0.00436874
0.00456740
0.00490029
0.00508185
0.00514191
0.00514974
0.00505887
0.00489050
0.00487828
0.00481802
0.00489376
0.00495140
0.00499047
0.00506624
0.00507386
0.00508878
0.00496794
0.00497015
0.00508468
0.00513405
0.00528360
0.00536110
0.00539762
0.00550298
0.00560742
0.00569698
0.00562093
0.00542727
0.00512996
0.00493220
0.00489068
0.00497831
0.00582446
0.00616467
0.00592084
0.00556329
0.00479853
0.00445491
0.00418295
0.00382452
0.00379357
0.00383852
0.00433155
0.00445897
0.00452919
0.00449050
0.00446682
0.00448805
0.00469936
0.00525653
0.00532021
0.00525274
0.00523596
0.00527261
0.00532740
0.00564159
0.00559150
0.00522723
0.00463426
0.00425492
0.00461324
0.00504756
0.00523473
0.00535150
0.00541995
0.00537456
0.00524357
0.00489151
0.00458662
0.00477219
0.00490251
0.00497657
0.00502972
0.00514897
0.00523510
0.00529540
0.00541376
0.00544298
0.00520948
0.00495441
0.00496684
0.00494059
0.00498743
0.00513382
0.00521609
0.00526692
0.00529301
0.00543796
0.00540675
0.00513595
0.00499769
0.00501654
0.00506726
0.00496172
0.00477958
0.00448288
0.00458311
0.00438552
0.00401489
0.00288482
0.00244535
0.00296598
0.00346577
0.00418375
0.00512344
0.00600356
0.00659604
0.00676963
0.00641011
0.00604110
0.00585596
0.00562281
0.00527264
0.00510485
0.00500562
0.00482342
0.00520221
0.00551890
0.00550728
0.00549518
0.00575151
0.00572387
0.00531663
0.00491630
0.00483217
0.00498322
0.00505705
0.00514257
0.00504053
0.00494488
0.00518896
0.00531672
0.00503927
0.00490049
0.00508043
0.00536209
0.00540128
0.00543186
0.00555165
0.00573593
0.00599307
0.00580596
0.00517768
0.00484817
0.00470607
0.00430900
0.00404820
0.00396763
0.00413083
0.00463495
0.00491506
0.00495332
0.00481379
0.00474961
0.00483365
0.00484895
0.00479186
0.00490683
0.00515246
0.00552152
0.00576077
0.00561403
0.00539488
0.00523429
0.00500833
0.00495186
0.00490078
0.00486591
0.00486931
0.00475682
0.00466727
0.00468531
0.00473206
0.00472880
0.00477663
0.00484377
0.00494112
0.00511975
0.00530977
0.00527954
0.00549339
0.00560194
0.00550349
0.00528578
0.00511970
0.00509422
0.00508611
0.00511319
0.00491583
0.00444914
0.00430082
0.00427720
0.00425656
0.00440741
0.00460425
0.00469034
0.00482264
0.00501743
0.00542743
0.00563293
0.00542611
0.00533520
0.00540797
0.00544427
0.00530303
0.00511910
0.00507718
0.00518535
0.00529525
0.00517149
0.00507779
0.00513474
0.00516958
0.00513963
0.00519880
0.00518873
0.00516574
0.00499462
0.00479522
0.00472435
0.00482428
0.00490642
0.00497469
0.00513504
0.00534768
0.00567697
0.00584637
0.00574775
0.00570893
0.00532953
0.00477771
0.00453611
0.00429098
0.00405701
0.00405413
0.00425094
0.00446691
0.00456765
0.00480074
0.00505349
0.00530545
0.00508654
0.00483330
0.00496876
0.00552711
0.00598395
0.00580911
0.00548518
0.00528754
0.00510957
0.00488529
0.00472486
0.00467468
0.00481428
0.00498699
0.00476070
0.00422570
0.00435634
0.00467909
0.00516178
0.00529623
0.00523371
0.00510011
0.00497733
0.00487760
0.00485441
0.00479461
0.00479628
0.00476169
0.00530937
0.00629095
0.00674842
0.00655559
0.00615397
0.00690294
0.00836769
0.00807140
0.00633837
0.00461523
0.00386759
0.00400891
0.00458060
0.00491029
0.00502043
0.00474454
0.00412184
0.00345542
0.00350266
0.00383472
0.00480344
0.00509527
0.00494924
0.00533216
0.00650933
0.00758031
0.00680304
0.00578020
0.00498225
0.00406008
0.00325778
0.00292785
0.00328156
0.00411093
0.00438240
0.00518495
0.00584391
0.00633842
0.00625426
0.00528350
0.00456934
0.00456057
0.00406063
0.00319114
0.00262158
0.00269822
0.00339285
0.00441425
0.00481059
0.00489806
0.00509971
0.00456854
0.00440598
0.00446597
0.00470347
0.00503650
0.00591355
0.00652061
0.00669274
0.00643948
0.00607049
0.00634644
0.00697751
0.00691128
0.00655612
0.00636003
0.00600494
0.00588287
0.00497353
0.00471979
0.00542698
0.00605996
0.00572579
0.00504012
0.00426637
0.00340315
0.00301217
0.00297529
0.00292569
0.00357467
0.00399393
0.00435555
0.00415517
0.00418691
0.00458342
0.00520232
0.00497340
0.00471765
0.00475372
0.00468993
0.00489207
0.00548708
0.00609139
0.00623271
0.00646278
0.00642230
0.00599483
0.00580189
0.00547923
0.00511765
0.00492355
0.00486310
0.00486925
0.00524005
0.00540981
0.00568724
0.00609443
0.00685082
0.00690085
0.00659528
0.00583951
0.00467707
0.00376642
0.00416432
0.00493537
0.00562122
0.00521717
0.00471757
0.00406880
0.00436443
0.00551435
0.00654572
0.00669941
0.00597863
0.00569947
0.00520995
0.00501564
0.00458795
0.00318954
0.00199092
0.00122286
0.00204459
0.00264558
0.00276393
0.00285017
0.00358194
0.00446269
0.00598807
0.00722429
0.00811382
0.00842747
0.00837898
0.00859763
0.00869165
0.00718842
0.00579360
0.00497909
0.00443389
0.00358118
0.00333548
0.00386329
0.00374942
0.00305983
0.00223166
0.00186786
0.00184447
0.00276332
0.00427410
0.00480238
0.00472029
0.00510678
0.00536238
0.00484888
0.00422592
0.00451779
0.00508970
0.00494256
0.00518283
0.00538048
0.00567673
0.00642896
0.00700422
0.00631514
0.00530651
0.00426251
0.00385267
0.00357552
0.00364158
0.00376785
0.00448360
0.00549009
0.00579865
0.00629917
0.00632174
0.00585604
0.00522424
0.00541511
0.00580687
0.00564742
0.00516345
0.00472862
0.00457738
0.00488628
0.00502881
0.00524168
0.00545219
0.00605041
0.00653481
0.00619528
0.00618450
0.00576985
0.00504506
0.00413834
0.00371040
0.00340317
0.00339368
0.00398662
0.00468490
0.00482167
0.00508747
0.00514922
0.00506657
0.00540289
0.00609131
0.00626869
0.00584556
0.00551014
0.00506011
0.00441354
0.00411322
0.00412096
0.00439277
0.00433147
0.00448620
0.00484179
0.00545775
0.00564088
0.00585978
0.00618694
0.00636560
0.00586636
0.00546115
0.00502205
0.00469311
0.00468265
0.00480329
0.00515085
0.00575648
0.00634554
0.00641389
0.00579296
0.00500607
0.00489664
0.00480121
0.00447761
0.00411736
0.00405122
0.00443844
0.00473779
0.00527969
0.00554013
0.00544956
0.00505190
0.00456730
0.00399151
0.00370745
0.00391445
0.00400318
0.00434385
0.00471135
0.00457990
0.00446878
0.00452242
0.00480999
0.00528002
0.00571384
0.00573559
0.00564005
0.00584446
0.00628418
0.00630717
0.00602028
0.00593142
0.00566266
0.00536486
0.00533727
0.00548070
0.00537884
0.00500806
0.00438884
0.00418204
0.00416610
0.00437583
0.00480990
0.00516772
0.00534344
0.00551096
0.00534906
0.00507173
0.00495407
0.00481804
0.00479510
0.00498176
0.00514409
0.00508016
0.00500359
0.00479528
0.00449152
0.00445283
0.00445676
0.00432052
0.00461383
0.00486287
0.00509612
0.00542568
0.00561506
0.00563170
0.00555577
0.00530520
0.00586644
0.00775364
0.01042236
0.01049362
0.00935362
0.00687116
0.00429474
0.00304173
0.00289791
0.00337483
0.00321527
0.00328390
0.00339343
0.00409950
0.00502914
0.00520412
0.00548637
0.00525022
0.00419769
0.00319809
0.00245444
0.00251434
0.00318292
0.00360470
0.00468525
0.00578423
0.00645798
0.00619492
0.00521385
0.00478513
0.00515905
0.00499776
0.00417415
0.00344077
0.00350860
0.00400124
0.00433927
0.00486276
0.00523601
0.00579916
0.00620702
0.00623539
0.00580670
0.00560142
0.00540864
0.00503425
0.00475105
0.00485756
0.00534864
0.00588140
0.00611585
0.00589025
0.00560083
0.00530073
0.00509565
0.00502662
0.00526153
0.00549446
0.00554537
0.00581849
0.00561174
0.00455301
0.00383767
0.00360838
0.00374751
0.00412923
0.00439465
0.00411595
0.00396509
0.00420768
0.00474560
0.00531182
0.00572391
0.00571638
0.00601604
0.00661937
0.00659753
0.00644556
0.00596467
0.00575840
0.00638554
0.00653651
0.00634165
0.00649059
0.00601318
0.00496134
0.00399257
0.00331055
0.00340024
0.00406636
0.00427349
0.00443126
0.00436629
0.00385037
0.00361635
0.00391034
0.00386992
0.00398931
0.00412716
0.00427321
0.00423668
0.00479235
0.00539564
0.00499745
0.00405875
0.00346436
0.00394897
0.00437449
0.00487862
0.00517048
0.00577311
0.00635325
0.00649142
0.00644901
0.00606485
0.00559336
0.00567235
0.00599836
0.00590327
0.00584605
0.00537382
0.00447174
0.00388007
0.00388501
0.00383917
0.00393701
0.00486524
0.00655246
0.00729422
0.00763492
0.00710008
0.00591774
0.00530106
0.00492413
0.00512332
0.00507849
0.00459240
0.00416996
0.00402977
0.00410392
0.00416996
0.00457438
0.00481048
0.00467044
0.00473940
0.00422140
0.00379281
0.00403616
0.00458899
0.00500551
0.00509620
0.00510453
0.00509677
0.00558463
0.00585908
0.00599907
0.00603934
0.00614680
0.00598469
0.00584554
0.00549026
0.00507841
0.00455896
0.00426349
0.00423287
0.00450228
0.00449600
0.00433340
0.00427850
0.00452693
0.00470628
0.00467438
0.00474507
0.00467517
0.00461937
0.00478360
0.00476351
0.00483027
0.00468382
0.00453475
0.00480203
0.00483857
0.00525036
0.00609690
0.00635618
0.00599595
0.00589475
0.00547732
0.00491532
0.00487223
0.00495058
0.00531715
0.00582522
0.00609744
0.00600811
0.00555406
0.00522065
0.00527482
0.00557356
0.00523180
0.00493375
0.00518695
0.00638516
0.00679958
0.00662190
0.00562187
0.00481173
0.00414448
0.00364204
0.00330167
0.00343378
0.00376061
0.00454438
0.00483496
0.00524581
0.00547495
0.00535313
0.00543705
0.00583091
0.00621121
0.00642414
0.00670891
0.00680235
0.00579123
0.00453901
0.00462909
0.00420514
0.00338118
0.00332887
0.00435814
0.00497452
0.00469572
0.00469276
0.00476091
0.00511350
0.00565848
0.00644742
0.00653722
0.00642092
0.00524978
0.00407302
0.00408848
0.00491063
0.00552037
0.00506125
0.00409777
0.00379828
0.00310086
0.00248881
0.00265397
0.00366031
0.00419813
0.00499882
0.00583908
0.00599515
0.00563301
0.00541065
0.00539898
0.00494854
0.00434154
0.00448348
0.00526871
0.00570332
0.00547611
0.00534344
0.00517420
0.00526119
0.00575194
0.00652416
0.00672428
0.00679445
0.00603778
0.00521913
0.00475333
0.00463378
0.00449432
0.00384609
0.00316695
0.00341161
0.00409584
0.00494269
0.00569731
0.00629853
0.00702640
0.00753517
0.00813681
0.00764473
0.00736664
0.00778803
0.00643167
0.00530277
0.00374641
0.00293671
0.00333880
0.00358267
0.00403578
0.00532518
0.00642274
0.00701481
0.00547299
0.00360738
0.00358833
0.00326222
0.00337750
0.00447378
0.00513516
0.00533184
0.00524837
0.00557572
0.00604410
0.00522454
0.00350361
0.00174123
0.00154105
0.00138611
0.00194001
0.00374833
0.00479159
0.00565240
0.00678866
0.00773920
0.00748740
0.00684148
0.00786892
0.00902756
0.00915107
0.00827762
0.00615419
0.00508735
0.00500111
0.00451957
0.00454786
0.00506677
0.00508362
0.00135344
-0.00303344
-0.00379797
-0.00200719
-0.00310277
-0.00339265
-0.00144689
0.00074540
0.00285557
0.00671884
0.00956969
0.01097628
0.00989074
0.00933819
0.00836387
0.00664644
0.00637852
0.00603548
0.00504717
0.00452998
0.00536906
0.00603800
0.00706441
0.00751881
0.00705303
0.00609083
0.00559336
0.00509968
0.00447001
0.00480944
0.00528181
0.00525127
0.00496900
0.00483263
0.00404710
0.00391436
0.00512220
0.00605226
0.00577788
0.00551125
0.00529513
0.00492620
0.00512557
0.00656623
0.00856242
0.00949036
0.00814056
0.00651321
0.00568260
0.00536737
0.00556001
0.00457066
0.00328463
0.00302202
0.00303449
0.00367761
0.00401100
0.00381704
0.00369390
0.00385289
0.00330557
0.00286716
0.00303295
0.00402031
0.00485842
0.00566097
0.00630756
0.00595919
0.00538573
0.00513376
0.00526517
0.00548975
0.00600016
0.00609401
0.00660586
0.00656085
0.00638468
0.00546886
0.00489227
0.00478257
0.00499792
0.00541860
0.00526008
0.00514303
0.00524136
0.00525389
0.00511694
0.00513255
0.00573136
0.00559274
0.00475142
0.00383784
0.00323869
0.00335023
0.00404201
0.00465114
0.00483105
0.00492807
0.00467583
0.00374860
0.00329631
0.00359825
0.00418223
0.00458661
0.00447296
0.00449054
0.00471491
0.00475815
0.00485079
0.00562792
0.00614730
0.00620329
0.00595872
0.00608912
0.00630181
0.00639056
0.00596736
0.00561175
0.00570799
0.00585310
0.00529663
0.00451418
0.00394942
0.00371058
0.00338340
0.00321790
0.00386608
0.00453416
0.00519963
0.00556998
0.00522695
0.00459118
0.00418800
0.00422730
0.00403743
0.00391862
0.00439659
0.00494184
0.00506067
0.00577141
0.00657575
0.00680022
0.00609994
0.00584242
0.00529119
0.00430828
0.00380248
0.00388817
0.00424051
0.00531156
0.00626060
0.00622988
0.00643420
0.00649570
0.00665899
0.00652829
0.00566007
0.00483764
0.00478695
0.00492343
0.00482982
0.00490702
0.00462222
0.00403021
0.00355916
0.00393924
0.00444911
0.00475913
0.00474857
0.00562349
0.00636627
0.00695121
0.00695008
0.00675076
0.00636785
0.00565082
0.00523908
0.00560761
0.00608256
0.00623691
0.00534212
0.00429236
0.00380410
0.00394235
0.00380088
0.00341893
0.00361164
0.00406825
0.00409439
0.00388339
0.00380301
0.00435579
0.00458148
0.00478163
0.00549304
0.00603432
0.00623689
0.00589734
0.00584402
0.00543456
0.00502256
0.00487150
0.00455173
0.00453898
0.00482118
0.00529742
0.00630082
0.00686677
0.00696799
0.00636142
0.00548195
0.00508817
0.00469412
0.00432032
0.00404070
0.00404127
0.00455171
0.00469459
0.00473376
0.00495014
0.00507121
0.00494500
0.00505346
0.00509863
0.00554217
0.00572241
0.00573704
0.00516227
0.00437173
0.00373061
0.00337978
0.00348924
0.00401837
0.00442585
0.00481956
0.00522980
0.00581736
0.00592227
0.00582260
0.00565504
0.00538801
0.00504803
0.00494353
0.00444987
0.00364693
0.00362968
0.00397441
0.00460387
0.00515041
0.00520650
0.00524256
0.00558873
0.00586341
0.00582732
0.00570776
0.00603702
0.00608383
0.00575794
0.00558876
0.00554693
0.00528276
0.00520057
0.00516132
0.00573976
0.00582106
0.00633529
0.00640509
0.00609022
0.00523684
0.00449917
0.00426269
0.00449135
0.00474766
0.00431991
0.00398426
0.00389789
0.00388372
0.00409541
0.00433777
0.00417756
0.00420557
0.00470264
0.00548632
0.00574315
0.00552898
0.00504209
0.00486597
0.00510414
0.00544886
0.00548554
0.00519456
0.00499756
0.00496489
0.00567275
0.00695383
0.00751860
0.00758314
0.00730591
0.00604033
0.00540875
0.00473362
0.00429277
0.00472721
0.00477561
0.00498240
0.00446370
0.00353388
0.00343112
0.00346261
0.00355573
0.00444730
0.00501048
0.00495178
0.00460526
0.00412717
0.00424112
0.00438110
0.00462530
0.00485695
0.00454734
0.00406825
0.00368276
0.00402944
0.00474029
0.00492784
0.00492576
0.00521599
0.00615513
0.00690848
0.00710446
0.00684780
0.00666739
0.00650874
0.00616208
0.00567040
0.00572912
0.00571226
0.00482750
0.00424560
0.00424753
0.00376897
0.00359450
0.00435348
0.00529327
0.00524081
0.00490244
0.00508776
0.00495581
0.00450398
0.00431000
0.00432415
0.00406568
0.00383890
0.00384942
0.00408526
0.00458114
0.00458284
0.00498824
0.00522900
0.00550127
0.00592835
0.00591662
0.00607982
0.00598593
0.00571217
0.00499034
0.00434855
0.00448108
0.00404709
0.00363058
0.00351859
0.00404343
0.00435391
0.00469221
0.00522047
0.00559261
0.00532945
0.00509930
0.00524758
0.00531630
0.00540991
0.00510201
0.00479924
0.00460789
0.00460964
0.00500193
0.00573884
0.00575458
0.00560958
0.00568202
0.00603015
0.00629860
0.00635922
0.00578238
0.00511695
0.00483212
0.00476059
0.00485910
0.00483907
0.00464869
0.00444923
0.00447994
0.00476079
0.00542717
0.00568737
0.00550367
0.00520878
0.00458097
0.00443416
0.00477534
0.00514354
0.00509739
0.00500405
0.00497444
0.00494757
0.00477740
0.00523843
0.00615799
0.00671509
0.00650978
0.00619727
0.00601962
0.00603650
0.00559875
0.00483762
0.00434497
0.00419163
0.00403653
0.00399779
0.00420526
0.00428694
0.00422037
0.00431520
0.00446177
0.00432098
0.00410280
0.00446526
0.00491805
0.00537021
0.00537653
0.00524488
0.00536229
0.00554007
0.00547688
0.00573480
0.00591494
0.00577213
0.00528324
0.00521088
0.00515544
0.00490376
0.00472447
0.00474341
0.00461222
0.00447635
0.00469147
0.00497842
0.00496940
0.00492522
0.00487906
0.00425919
0.00360934
0.00363836
0.00399581
0.00390222
0.00411882
0.00449887
0.00519593
0.00563893
0.00601278
0.00618271
0.00611901
0.00609338
0.00609653
0.00581383
0.00561474
0.00554163
0.00533310
0.00504574
0.00501885
0.00501770
0.00489422
0.00473665
0.00478920
0.00406745
0.00281118
0.00272661
0.00307819
0.00337120
0.00421035
0.00519433
0.00591445
0.00629075
0.00621718
0.00613310
0.00592989
0.00569861
0.00540038
0.00547727
0.00536053
0.00519564
0.00526097
0.00543903
0.00564623
0.00560376
0.00539500
0.00508626
0.00502005
0.00494398
0.00486872
0.00511937
0.00535500
0.00551332
0.00544570
0.00573094
0.00615017
0.00586583
0.00526553
0.00494717
0.00444804
0.00428162
0.00425905
0.00449239
0.00457408
0.00442281
0.00418708
0.00433306
0.00448400
0.00437710
0.00461218
0.00503308
0.00546285
0.00566033
0.00565710
0.00595309
0.00593981
0.00565056
0.00573494
0.00555690
0.00522973
0.00507389
0.00505033
0.00491382
0.00484605
0.00480781
0.00477339
0.00473898
0.00472642
0.00479122
0.00500008
0.00523986
0.00541308
0.00542118
0.00506319
0.00469796
0.00463904
0.00487778
0.00492401
0.00466043
0.00433882
0.00423543
0.00443893
0.00481533
0.00498210
0.00499535
0.00515102
0.00528732
0.00536908
0.00543774
0.00538238
0.00525922
0.00503141
0.00422787
0.00351541
0.00305308
0.00330654
0.00390310
0.00450320
0.00527930
0.00598989
0.00598596
0.00570382
0.00553892
0.00570564
0.00579371
0.00576118
0.00565791
0.00561370
0.00489631
0.00416212
0.00416003
0.00418828
0.00450668
0.00496436
0.00545497
0.00545915
0.00525457
0.00535499
0.00519986
0.00516423
0.00538975
0.00577297
0.00588801
0.00591066
0.00593010
0.00586785
0.00552516
0.00493674
0.00441866
0.00399069
0.00384562
0.00408245
0.00455247
0.00474952
0.00508752
0.00544000
0.00539631
0.00510053
0.00505412
0.00501437
0.00565825
0.00631902
0.00652103
0.00620395
0.00578849
0.00519286
0.00485599
0.00477108
0.00517865
0.00550902
0.00564790
0.00550106
0.00496444
0.00469027
0.00412224
0.00387737
0.00408783
0.00440580
0.00494580
0.00525400
0.00529014
0.00506344
0.00476012
0.00451127
0.00440151
0.00457858
0.00495479
0.00505244
0.00503226
0.00505805
0.00504524
0.00529504
0.00590866
0.00675506
0.00676332
0.00693870
0.00623995
0.00550084
0.00531812
0.00514667
0.00500271
0.00464022
0.00408055
0.00361928
0.00332393
0.00318748
0.00361718
0.00402567
0.00451802
0.00444366
0.00432204
0.00389476
0.00394150
0.00408150
0.00458539
0.00543013
0.00585727
0.00594973
0.00592352
0.00584470
0.00542520
0.00523432
0.00527700
0.00581893
0.00590847
0.00586786
0.00558817
0.00539900
0.00511723
0.00498307
0.00492760
0.00486255
0.00486744
0.00524256
0.00555971
0.00538805
0.00514851
0.00476332
0.00450876
0.00405490
0.00399053
0.00426781
0.00472262
0.00492825
0.00516034
0.00519893
0.00515583
0.00491603
0.00457489
0.00437474
0.00455318
0.00457150
0.00462811
0.00497438
0.00532565
0.00565185
0.00560130
0.00525256
0.00506952
0.00512716
0.00536755
0.00544459
0.00545515
0.00537369
0.00535598
0.00518959
0.00484049
0.00464301
0.00455144
0.00494406
0.00535044
0.00547358
0.00526780
0.00516373
0.00512111
0.00512405
0.00478145
0.00477006
0.00508963
0.00537059
0.00557712
0.00531757
0.00514287
0.00501697
0.00479276
0.00464255
0.00508855
0.00527214
0.00546294
0.00578789
0.00592251
0.00582106
0.00537652
0.00511879
0.00508268
0.00479046
0.00450592
0.00436443
0.00441032
0.00444581
0.00475349
0.00505419
0.00506025
0.00508589
0.00505476
0.00497862
0.00494140
0.00504228
0.00540781
0.00569700
0.00585276
0.00570305
0.00521936
0.00495603
0.00478058
0.00458594
0.00432543
0.00429447
0.00452211
0.00480790
0.00491847
0.00484192
0.00472353
0.00481725
0.00495411
0.00483695
0.00459121
0.00456757
0.00455712
0.00444800
0.00453685
0.00475007
0.00493767
0.00500815
0.00503355
0.00531970
0.00541829
0.00548571
0.00567571
0.00560939
0.00536975
0.00524986
0.00516033
0.00498064
0.00486483
0.00493123
0.00496056
0.00523491
0.00541556
0.00528073
0.00517040
0.00497845
0.00489253
0.00487652
0.00499487
0.00563179
0.00601036
0.00618866
0.00580705
0.00535382
0.00506658
0.00474968
0.00476281
0.00515059
0.00513612
0.00493541
0.00495505
0.00520789
0.00529712
0.00505590
0.00473003
0.00441534
0.00449237
0.00469547
0.00483741
0.00513372
0.00523512
0.00533991
0.00521417
0.00491390
0.00479648
0.00491972
0.00500996
0.00480980
0.00450773
0.00446003
0.00460175
0.00476489
0.00491598
0.00503851
0.00572996
0.00652690
0.00696102
0.00665574
0.00652788
0.00588682
0.00530685
0.00453048
0.00431909
0.00442983
0.00484847
0.00464148
0.00436987
0.00425898
0.00439797
0.00480957
0.00535682
0.00539163
0.00532019
0.00484854
0.00440972
0.00429200
0.00419478
0.00446616
0.00474171
0.00482409
0.00489293
0.00487487
0.00501440
0.00529948
0.00544768
0.00539564
0.00518410
0.00509532
0.00519273
0.00508702
0.00474782
0.00456978
0.00458940
0.00482643
0.00491951
0.00494081
0.00511774
0.00525869
0.00517927
0.00521048
0.00508504
0.00493072
0.00480805
0.00461661
0.00455455
0.00474903
0.00495625
0.00504975
0.00542515
0.00592808
0.00603732
0.00626814
0.00641587
0.00611291
0.00569842
0.00528734
0.00481002
0.00515624
0.00531133
0.00514024
0.00480531
0.00459931
0.00450408
0.00433277
0.00450373
0.00467232
0.00474656
0.00473686
0.00491297
0.00509281
0.00511304
0.00491923
0.00482941
0.00486697
0.00473372
0.00459111
0.00462539
0.00466548
0.00472800
0.00490684
0.00496077
0.00500359
0.00496739
0.00485709
0.00488779
0.00499207
0.00530753
0.00587337
0.00633752
0.00628597
0.00605335
0.00566891
0.00527473
0.00494900
0.00467798
0.00455836
0.00462706
0.00482331
0.00482056
0.00422627
0.00354496
0.00340384
0.00358021
0.00404873
0.00403835
0.00390410
0.00424703
0.00461136
0.00504445
0.00554390
0.00574926
0.00560844
0.00563909
0.00572484
0.00578503
0.00582008
0.00571290
0.00536433
0.00519743
0.00494349
0.00485460
0.00491995
0.00502129
0.00526600
0.00542179
0.00525562
0.00518514
0.00553255
0.00571802
0.00570913
0.00529344
0.00497314
0.00486714
0.00492223
0.00498667
0.00498663
0.00503364
0.00509968
0.00498870
0.00451843
0.00411949
0.00399819
0.00401941
0.00439384
0.00474104
0.00506686
0.00529276
0.00535701
0.00524852
0.00530881
0.00551790
0.00556172
0.00550343
0.00541526
0.00564285
0.00594616
0.00581864
0.00533012
0.00488984
0.00469999
0.00477594
0.00490812
0.00481087
0.00517078
0.00552003
0.00553074
0.00559548
0.00546488
0.00509764
0.00488708
0.00483690
0.00475552
0.00472122
0.00465736
0.00450845
0.00442304
0.00456306
0.00450183
0.00464987
0.00478043
0.00504935
0.00524636
0.00531419
0.00527534
0.00519926
0.00505736
0.00496714
0.00494426
0.00507540
0.00540502
0.00563516
0.00570846
0.00564357
0.00532642
0.00509220
0.00500026
0.00493909
0.00496687
0.00509613
0.00505593
0.00497438
0.00490989
0.00460003
0.00438963
0.00440557
0.00461702
0.00486949
0.00493927
0.00517482
0.00525583
0.00517969
0.00504621
0.00495812
0.00500059
0.00513376
0.00526269
0.00520951
0.00519809
0.00518505
0.00507613
0.00477660
0.00408458
0.00343784
0.00354537
0.00399320
0.00446340
0.00491635
0.00530849
0.00572296
0.00588545
0.00593963
0.00580344
0.00567206
0.00571554
0.00559336
0.00536688
0.00515179
0.00488642
0.00472813
0.00477034
0.00482318
0.00488337
0.00499481
0.00508134
0.00510002
0.00492358
0.00483605
0.00495104
0.00509702
0.00515374
0.00495308
0.00450067
0.00432740
0.00430841
0.00444143
0.00444713
0.00479524
0.00501275
0.00508475
0.00529461
0.00551485
0.00577204
0.00586811
0.00538210
0.00487442
0.00475388
0.00504453
0.00532651
0.00527935
0.00514030
0.00501282
0.00503945
0.00517928
0.00545774
0.00541039
0.00520071
0.00511056
0.00500411
0.00491194
0.00481118
0.00492755
0.00527757
0.00548202
0.00554846
0.00579759
0.00587630
0.00563629
0.00531860
0.00502444
0.00486004
0.00484139
0.00477535
0.00457598
0.00431610
0.00428686
0.00443524
0.00467592
0.00493186
0.00508075
0.00504877
0.00481422
0.00451764
0.00436233
0.00460462
0.00499551
0.00518793
0.00519890
0.00477646
0.00429174
0.00423397
0.00376006
0.00346509
0.00429459
0.00487886
0.00531472
0.00563500
0.00598609
0.00638569
0.00631992
0.00615086
0.00564843
0.00500602
0.00454872
0.00484963
0.00539996
0.00550422
0.00568533
0.00578457
0.00559241
0.00528131
0.00515196
0.00497670
0.00464541
0.00463624
0.00486386
0.00519049
0.00575431
0.00574169
0.00551207
0.00537066
0.00534367
0.00480732
0.00444083
0.00452837
0.00461155
0.00455960
0.00444759
0.00474307
0.00489113
0.00521439
0.00545718
0.00546921
0.00539759
0.00484622
0.00413208
0.00389803
0.00385152
0.00429992
0.00493841
0.00538452
0.00546277
0.00558021
0.00578269
0.00598983
0.00623515
0.00676641
0.00680903
0.00646615
0.00577191
0.00544833
0.00500996
0.00464536
0.00422758
0.00395914
0.00426732
0.00473405
0.00502277
0.00495382
0.00488250
0.00459263
0.00436912
0.00444938
0.00432491
0.00443268
0.00434504
0.00436334
0.00461081
0.00501116
0.00496639
0.00503969
0.00515923
0.00531999
0.00560899
0.00588638
0.00592373
0.00572830
0.00543199
0.00513569
0.00478825
0.00436188
0.00409001
0.00413819
0.00445458
0.00472911
0.00508743
0.00522116
0.00496933
0.00506252
0.00524747
0.00538550
0.00573069
0.00589107
0.00564653
0.00534908
0.00518803
0.00506908
0.00491300
0.00475328
0.00462870
0.00464313
0.00462470
0.00456200
0.00477402
0.00487463
0.00498500
0.00509407
0.00503370
0.00472280
0.00450203
0.00463581
0.00460631
0.00417779
0.00295354
0.00263683
0.00275302
0.00326669
0.00438731
0.00499123
0.00503451
0.00548163
0.00593452
0.00611600
0.00628982
0.00657254
0.00662309
0.00643343
0.00589713
0.00508627
0.00451639
0.00399543
0.00451160
0.00527134
0.00597443
0.00578828
0.00554962
0.00554007
0.00539336
0.00516814
0.00530094
0.00573098
0.00568816
0.00542346
0.00488210
0.00426672
0.00405800
0.00390287
0.00445151
0.00427976
0.00344884
0.00208582
0.00258893
0.00361909
0.00378218
0.00425069
0.00564510
0.00776641
0.00874253
0.00829890
0.00780638
0.00660317
0.00528182
0.00466786
0.00472132
0.00452781
0.00467832
0.00533749
0.00600532
0.00577070
0.00581813
0.00591618
0.00558672
0.00509204
0.00383252
0.00313793
0.00346730
0.00391695
0.00460124
0.00532871
0.00547694
0.00559552
0.00578392
0.00617673
0.00669993
0.00734211
0.00691411
0.00589991
0.00530586
0.00486889
0.00478697
0.00467278
0.00424047
0.00390087
0.00398535
0.00419526
0.00449178
0.00456081
0.00441816
0.00420670
0.00414568
0.00422660
0.00449456
0.00498705
0.00581291
0.00616205
0.00625657
0.00632720
0.00579444
0.00520218
0.00500597
0.00467237
0.00475436
0.00486025
0.00489272
0.00440693
0.00372718
0.00365679
0.00411490
0.00480294
0.00525714
0.00535655
0.00545684
0.00516057
0.00495318
0.00514542
0.00521948
0.00500683
0.00504074
0.00514292
0.00557494
0.00585367
0.00589268
0.00567541
0.00540316
0.00537384
0.00529426
0.00496221
0.00458817
0.00455599
0.00440485
0.00398983
0.00370502
0.00404382
0.00449690
0.00469331
0.00481935
0.00494458
0.00524135
0.00582294
0.00631019
0.00648501
0.00619096
0.00579792
0.00542971
0.00529386
0.00497290
0.00493012
0.00622174
0.00702751
0.00781803
0.00717239
0.00627922
0.00506007
0.00439930
0.00489230
0.00490392
0.00455632
0.00429252
0.00375104
0.00353509
0.00340647
0.00334065
0.00383574
0.00436766
0.00503735
0.00525224
0.00515319
0.00510045
0.00509794
0.00492984
0.00493029
0.00512952
0.00532374
0.00514366
0.00477891
0.00377068
0.00296100
0.00259892
0.00320444
0.00398033
0.00455742
0.00525087
0.00588224
0.00600806
0.00593373
0.00600343
0.00630872
0.00653459
0.00640726
0.00618683
0.00533829
0.00512442
0.00507767
0.00515391
0.00528941
0.00529653
0.00518101
0.00517258
0.00483822
0.00421094
0.00370687
0.00368629
0.00372487
0.00399710
0.00445829
0.00502124
0.00556080
0.00566807
0.00575649
0.00581801
0.00581024
0.00568466
0.00579464
0.00567459
0.00530764
0.00499430
0.00473002
0.00466021
0.00462815
0.00449744
0.00460693
0.00494131
0.00492903
0.00499813
0.00514463
0.00472758
0.00454305
0.00465517
0.00490405
0.00524164
0.00610282
0.00655495
0.00659166
0.00632794
0.00587618
0.00527415
0.00488316
0.00483625
0.00480755
0.00477500
0.00446929
0.00426874
0.00430667
0.00451118
0.00445445
0.00450109
0.00460900
0.00475600
0.00498401
0.00535665
0.00611201
0.00659902
0.00621076
0.00566278
0.00508676
0.00468330
0.00453116
0.00463940
0.00456996
0.00456977
0.00467040
0.00477691
0.00450128
0.00432043
0.00433008
0.00464059
0.00486600
0.00498068
0.00543983
0.00558953
0.00552972
0.00543562
0.00546968
0.00545646
0.00510554
0.00540870
0.00567141
0.00578262
0.00578383
0.00579529
0.00537332
0.00519405
0.00504819
0.00436881
0.00399531
0.00387993
0.00419240
0.00537542
0.00639322
0.00654772
0.00667039
0.00672555
0.00572225
0.00465338
0.00421373
0.00437845
0.00444740
0.00476506
0.00504470
0.00453921
0.00427459
0.00450168
0.00522511
0.00614440
0.00579280
0.00524694
0.00401755
0.00244871
0.00199873
0.00223346
0.00315186
0.00394150
0.00430477
0.00495003
0.00548624
0.00553444
0.00519698
0.00474508
0.00464296
0.00480832
0.00461637
0.00475189
0.00491268
0.00558661
0.00608642
0.00565977
0.00499463
0.00477892
0.00518559
0.00558232
0.00564766
0.00532933
0.00530547
0.00525244
0.00545233
0.00576392
0.00622594
0.00634970
0.00588624
0.00530031
0.00482932
0.00468941
0.00421551
0.00403330
0.00405936
0.00430708
0.00461574
0.00521512
0.00549492
0.00546361
0.00512142
0.00487553
0.00493354
0.00520726
0.00566939
0.00593990
0.00585641
0.00570993
0.00559017
0.00537850
0.00512241
0.00510031
0.00530511
0.00517031
0.00456326
0.00426148
0.00421616
0.00427355
0.00446294
0.00463179
0.00493422
0.00508109
0.00514197
0.00522359
0.00542679
0.00548264
0.00557309
0.00554237
0.00530583
0.00504053
0.00502433
0.00523721
0.00528993
0.00520933
0.00549100
0.00555259
0.00530174
0.00491428
0.00484006
0.00486669
0.00492046
0.00485078
0.00460538
0.00453357
0.00465921
0.00480221
0.00496546
0.00507416
0.00481610
0.00428027
0.00295722
0.00187232
0.00210072
0.00311144
0.00393620
0.00503866
0.00571384
0.00582531
0.00597019
0.00607599
0.00586040
0.00550088
0.00583960
0.00631919
0.00662823
0.00645654
0.00605744
0.00567007
0.00532389
0.00534830
0.00550157
0.00519422
0.00452774
0.00403383
0.00405604
0.00426066
0.00433752
0.00431766
0.00489652
0.00558433
0.00579311
0.00558318
0.00566765
0.00549804
0.00519169
0.00537975
0.00534521
0.00528046
0.00517759
0.00501052
0.00495501
0.00488389
0.00484028
0.00472330
0.00503697
0.00517996
0.00522387
0.00484484
0.00472811
0.00477028
0.00474010
0.00479850
0.00527567
0.00662319
0.00723018
0.00686237
0.00593901
0.00525690
0.00480000
0.00416493
0.00379373
0.00375640
0.00417452
0.00469956
0.00480875
0.00516298
0.00540060
0.00550275
0.00533790
0.00505858
0.00493722
0.00545418
0.00573343
0.00583880
0.00568461
0.00603272
0.00642329
0.00633369
0.00544125
0.00512417
0.00470693
0.00393361
0.00330996
0.00344196
0.00364991
0.00411690
0.00489523
0.00547583
0.00575355
0.00620288
0.00604822
0.00541928
0.00448725
0.00407477
0.00400215
0.00380436
0.00328812
0.00329649
0.00340528
0.00393958
0.00472696
0.00536332
0.00543839
0.00562336
0.00606430
0.00645752
0.00680286
0.00629084
0.00603091
0.00587329
0.00547856
0.00467295
0.00427073
0.00402847
0.00372208
0.00414453
0.00460737
0.00486249
0.00465865
0.00468687
0.00498042
0.00536975
0.00558951
0.00553703
0.00538075
0.00484735
0.00492665
0.00583255
0.00632794
0.00642397
0.00591560
0.00605530
0.00595064
0.00589122
0.00549041
0.00460984
0.00410785
0.00388493
0.00376946
0.00422889
0.00520428
0.00594299
0.00688398
0.00636141
0.00564513
0.00529096
0.00425602
0.00398230
0.00360697
0.00317681
0.00320733
0.00351632
0.00430213
0.00476923
0.00437088
0.00396095
0.00411493
0.00460726
0.00534710
0.00591728
0.00634028
0.00613580
0.00555737
0.00586119
0.00645613
0.00756071
0.00760737
0.00755028
0.00690871
0.00572657
0.00479942
0.00430952
0.00421695
0.00399264
0.00339402
0.00262112
0.00272994
0.00348391
0.00400011
0.00422609
0.00484478
0.00529921
0.00590126
0.00593489
0.00564553
0.00532268
0.00500425
0.00516751
0.00550295
0.00572039
0.00551198
0.00506477
0.00509223
0.00485338
0.00481144
0.00431553
0.00393666
0.00401578
0.00426760
0.00451669
0.00481613
0.00543715
