0.00242389
0.00256969
0.00248390
0.00236771
0.00247753
0.00237754
0.00231826
0.00236576
0.00237671
0.00240764
0.00242150
0.00242722
0.00241993
0.00243887
0.00247929
0.00252922
0.00264603
0.00238730
0.00241179
0.00244740
0.00232563
0.00230820
0.00255558
0.00234601
0.00257336
0.00238394
0.00243599
0.00217482
0.00243988
0.00229228
0.00245403
0.00242879
0.00228512
0.00250344
0.00238346
0.00240380
0.00242564
0.00243158
0.00232622
0.00245119
0.00240552
0.00238358
0.00246678
0.00244111
0.00246272
0.00256610
0.00251336
0.00243975
0.00252937
0.00237029
0.00229913
0.00242589
0.00233652
0.00240317
0.00236807
0.00240371
0.00243490
0.00243602
0.00239170
0.00244660
0.00245235
0.00245031
0.00240912
0.00255333
0.00236288
0.00240632
0.00238198
0.00237781
0.00238328
0.00243143
0.00239409
0.00248276
0.00239728
0.00254802
0.00242535
0.00238175
0.00243606
0.00242578
0.00236655
0.00236012
0.00240089
0.00240789
0.00241687
0.00252290
0.00231870
0.00246036
0.00240767
0.00246455
0.00244909
0.00247202
0.00241192
0.00235565
0.00245980
0.00239896
0.00237390
0.00240380
0.00243818
0.00246982
0.00238945
0.00242900
0.00232263
0.00234717
0.00244914
0.00244316
0.00252638
0.00229980
0.00246652
0.00238656
0.00255854
0.00237510
0.00246634
0.00236014
0.00253946
0.00245937
0.00278674
0.00240544
0.00234721
0.00232902
0.00233475
0.00235973
0.00239509
0.00230389
0.00230920
0.00237139
0.00231613
0.00250787
0.00235506
0.00238957
0.00236833
0.00244107
0.00241895
0.00249915
0.00241097
0.00245264
0.00253515
0.00230755
0.00245959
0.00238676
0.00238531
0.00238438
0.00244279
0.00242832
0.00243737
0.00255989
0.00247217
0.00246831
0.00236589
0.00245929
0.00243361
0.00243524
0.00240160
0.00238178
0.00250173
0.00239512
0.00247170
0.00242163
0.00245537
0.00243841
0.00240821
0.00244011
0.00237222
0.00247414
0.00236476
0.00246662
0.00237121
0.00257663
0.00247370
0.00264274
0.00242487
0.00245259
0.00198933
0.00257958
0.00220578
0.00250283
0.00257048
0.00251162
0.00270606
0.00281416
0.00171354
0.00275528
0.00202882
0.00247431
0.00190475
0.00202017
0.00248186
0.00226995
0.00247737
0.00219414
0.00246292
0.00257908
0.00261626
0.00261160
0.00263429
0.00259984
0.00247931
0.00246694
0.00220905
0.00241497
0.00220640
0.00231725
0.00219632
0.00229536
0.00239772
0.00246052
0.00252973
0.00252087
0.00262333
0.00248642
0.00245714
0.00232357
0.00236012
0.00231895
0.00224737
0.00227936
0.00241441
0.00244266
0.00262651
0.00241744
0.00254016
0.00218642
0.00247104
0.00223822
0.00243228
0.00249362
0.00259248
0.00263439
0.00258807
0.00248436
0.00279824
0.00236254
0.00241394
0.00221108
0.00230286
0.00225544
0.00239747
0.00241056
0.00245558
0.00250551
0.00239239
0.00244611
0.00229827
0.00249518
0.00238506
0.00245301
0.00244893
0.00241607
0.00246821
0.00241597
0.00238393
0.00237352
0.00230175
0.00248961
0.00241454
0.00244535
0.00244008
0.00250066
0.00248009
0.00249529
0.00239933
0.00239966
0.00232895
0.00237935
0.00236357
0.00236103
0.00234553
0.00242214
0.00240206
0.00235776
0.00243345
0.00240081
0.00244937
0.00242798
0.00245008
0.00254071
0.00243048
0.00239936
0.00250610
0.00239627
0.00245887
0.00239556
0.00240191
0.00239455
0.00241865
0.00243867
0.00242154
0.00238771
0.00240698
0.00232897
0.00243460
0.00237639
0.00233456
0.00236192
0.00242107
0.00243329
0.00243541
0.00251975
0.00244313
0.00247058
0.00235772
0.00241204
0.00229639
0.00247585
0.00239777
0.00248408
0.00240530
0.00246456
0.00242725
0.00264469
0.00243649
0.00249731
0.00227732
0.00261876
0.00237036
0.00244329
0.00236235
0.00241661
0.00240161
0.00241045
0.00239442
0.00234044
0.00239230
0.00232566
0.00246863
0.00236713
0.00248463
0.00242890
0.00252752
0.00251180
0.00242784
0.00230489
0.00233057
0.00238958
0.00243899
0.00244940
0.00241954
0.00242925
0.00245569
0.00251222
0.00241524
0.00252160
0.00243407
0.00243269
0.00239489
0.00247942
0.00241098
0.00243315
0.00218000
0.00227490
0.00221398
0.00239247
0.00225907
0.00253886
0.00246215
0.00243409
0.00247227
0.00245620
0.00246722
0.00253817
0.00247800
0.00252079
0.00249485
0.00242833
0.00239359
0.00239179
0.00237418
0.00246618
0.00235276
0.00243144
0.00238636
0.00237408
0.00238910
0.00235705
0.00233914
0.00238360
0.00232498
0.00249649
0.00249099
0.00242242
0.00244002
0.00244114
0.00239934
0.00239390
0.00242247
0.00229400
0.00238669
0.00230519
0.00245927
0.00236546
0.00245326
0.00245142
0.00256079
0.00244763
0.00251746
0.00248863
0.00245421
0.00230283
0.00243411
0.00250654
0.00248026
0.00242507
0.00242285
0.00233192
0.00241994
0.00237828
0.00241740
0.00241700
0.00242035
0.00244470
0.00243753
0.00247195
0.00248376
0.00241217
0.00243886
0.00236562
0.00236638
0.00241113
0.00239089
0.00242500
0.00241429
0.00239669
0.00250314
0.00243664
0.00243782
0.00243843
0.00243607
0.00239839
0.00246737
0.00255725
0.00242501
0.00233924
0.00240111
0.00244391
0.00238891
0.00238175
0.00236276
0.00238262
0.00226741
0.00237850
0.00239860
0.00245368
0.00249876
0.00249155
0.00252311
0.00247736
0.00242641
0.00239152
0.00234946
0.00232711
0.00241090
0.00237219
0.00241925
0.00220891
0.00244801
0.00239080
0.00247406
0.00238694
0.00243962
0.00245360
0.00246192
0.00245041
0.00243936
0.00241938
0.00244652
0.00249246
0.00239044
0.00240655
0.00243020
0.00242949
0.00240301
0.00243103
0.00242415
0.00241417
0.00242261
0.00241549
0.00241238
0.00242261
0.00243658
0.00240836
0.00242430
0.00229645
0.00240272
0.00240627
0.00244494
0.00238326
0.00241582
0.00240386
0.00243228
0.00248104
0.00243052
0.00246536
0.00248868
0.00248292
0.00247549
0.00242363
0.00238537
0.00235606
0.00241357
0.00242279
0.00242558
0.00244086
0.00240996
0.00245266
0.00235553
0.00242365
0.00231019
0.00241392
0.00233962
0.00243371
0.00242751
0.00245873
0.00237862
0.00240645
0.00247031
0.00238957
0.00245844
0.00238070
0.00242520
0.00250405
0.00237785
0.00256506
0.00231622
0.00241729
0.00236970
0.00242874
0.00241272
0.00246482
0.00237475
0.00244889
0.00247765
0.00239873
0.00255129
0.00233668
0.00249107
0.00237079
0.00249163
0.00234315
0.00242940
0.00230667
0.00237091
0.00238877
0.00228678
0.00243701
0.00239154
0.00244685
0.00242626
0.00247071
0.00251180
0.00237543
0.00242896
0.00242174
0.00243636
0.00243311
0.00227876
0.00236879
0.00244309
0.00241096
0.00252469
0.00234580
0.00257058
0.00242166
0.00251619
0.00250239
0.00246633
0.00251118
0.00242990
0.00259751
0.00239855
0.00240609
0.00225966
0.00228508
0.00239486
0.00235862
0.00240438
0.00241107
0.00241804
0.00246394
0.00249740
0.00243480
0.00241727
0.00234688
0.00243945
0.00238262
0.00241767
0.00241851
0.00244611
0.00240893
0.00244671
0.00245374
0.00235775
0.00237598
0.00239485
0.00239053
0.00237562
0.00237004
0.00242593
0.00230872
0.00247263
0.00240209
0.00245956
0.00246948
0.00245891
0.00245612
0.00251501
0.00234737
0.00246013
0.00240788
0.00243806
0.00248293
0.00232074
0.00248597
0.00233226
0.00247616
0.00243152
0.00241299
0.00242133
0.00242437
0.00242940
0.00241738
0.00244673
0.00232470
0.00247575
0.00238127
0.00238848
0.00239198
0.00242710
0.00242128
0.00240957
0.00241116
0.00239125
0.00248170
0.00247529
0.00244413
0.00243121
0.00245326
0.00237010
0.00243526
0.00241451
0.00240141
0.00238485
0.00237273
0.00248936
0.00236800
0.00239385
0.00250868
0.00236699
0.00253123
0.00244595
0.00253517
0.00243168
0.00250894
0.00233724
0.00238857
0.00236225
0.00234253
0.00233136
0.00244989
0.00236968
0.00242477
0.00243263
0.00248139
0.00242098
0.00241215
0.00240475
0.00241134
0.00236733
0.00236513
0.00240901
0.00241555
0.00239039
0.00241974
0.00243034
0.00244647
0.00239835
0.00244887
0.00247840
0.00244880
0.00238060
0.00244392
0.00241107
0.00241072
0.00233213
0.00248814
0.00238677
0.00248304
0.00243556
0.00250430
0.00232005
0.00245275
0.00224910
0.00244927
0.00230452
0.00251902
0.00240200
0.00241467
0.00246247
0.00248867
0.00242878
0.00243102
0.00242869
0.00248389
0.00252404
0.00231630
0.00238852
0.00236034
0.00241965
0.00242995
0.00251078
0.00239413
0.00245126
0.00239336
0.00242687
0.00242062
0.00233598
0.00244070
0.00241052
0.00243842
0.00242937
0.00242028
0.00247894
0.00239572
0.00241947
0.00244112
0.00244629
0.00247832
0.00237461
0.00244107
0.00236022
0.00242092
0.00238736
0.00236508
0.00245229
0.00239991
0.00246165
0.00241254
0.00243423
0.00239280
0.00235175
0.00242303
0.00238122
0.00243793
0.00239034
0.00247214
0.00235071
0.00245822
0.00226996
0.00236533
0.00240396
0.00247464
0.00244757
0.00241864
0.00237921
0.00238822
0.00243219
0.00245478
0.00252604
0.00254246
0.00237650
0.00248107
0.00238217
0.00242571
0.00233681
0.00242454
0.00244799
0.00243380
0.00240622
0.00260254
0.00240624
0.00247461
0.00238865
0.00241359
0.00239977
0.00239783
0.00235286
0.00236657
0.00231573
0.00242098
0.00236227
0.00245763
0.00233738
0.00247364
0.00257398
0.00251894
0.00250048
0.00243917
0.00239300
0.00232146
0.00238423
0.00240810
0.00247344
0.00244693
0.00239912
0.00242272
0.00245654
0.00244927
0.00241851
0.00268233
0.00251463
0.00262746
0.00232938
0.00240643
0.00230376
0.00233852
0.00229519
0.00234521
0.00222269
0.00240806
0.00234780
0.00252160
0.00245224
0.00248868
0.00241374
0.00243090
0.00244074
0.00235939
0.00226368
0.00240800
0.00226772
0.00243290
0.00234088
0.00246554
0.00240493
0.00248434
0.00242322
0.00248306
0.00253046
0.00249363
0.00246296
0.00245190
0.00242037
0.00241825
0.00245831
0.00242523
0.00236448
0.00242121
0.00238575
0.00237180
0.00238972
0.00242881
0.00244592
0.00242236
0.00252938
0.00245392
0.00249260
0.00242156
0.00239153
0.00241499
0.00234195
0.00257708
0.00243554
0.00243621
0.00252398
0.00238281
0.00239741
0.00243659
0.00235086
0.00241928
0.00227960
0.00234476
0.00235828
0.00238359
0.00218310
0.00246982
0.00230853
0.00244756
0.00241488
0.00247197
0.00237051
0.00243397
0.00239594
0.00252656
0.00230127
0.00227702
0.00242127
0.00230687
0.00255095
0.00244661
0.00265662
0.00250139
0.00244774
0.00243738
0.00234763
0.00243799
0.00248453
0.00253596
0.00243388
0.00253547
0.00246946
0.00247871
0.00240143
0.00238585
0.00242388
0.00228766
0.00230832
0.00235397
0.00230100
0.00241160
0.00226868
0.00247308
0.00243924
0.00251773
0.00244694
0.00246152
0.00243765
0.00241491
0.00235651
0.00243025
0.00230826
0.00245207
0.00242510
0.00246017
0.00241100
0.00256684
0.00249911
0.00232016
0.00244460
0.00237527
0.00240215
0.00255195
0.00230601
0.00261210
0.00227515
0.00271755
0.00232450
0.00249902
0.00226852
0.00236013
0.00233982
0.00250236
0.00237670
0.00229747
0.00242112
0.00242011
0.00235443
0.00243707
0.00257763
0.00230826
0.00252566
0.00243621
0.00246920
0.00231851
0.00243256
0.00235339
0.00244259
0.00232967
0.00244333
0.00241309
0.00235905
0.00254436
0.00231145
0.00248626
0.00239760
0.00247868
0.00241754
0.00243005
0.00249926
0.00230566
0.00256351
0.00230572
0.00248106
0.00234858
0.00253666
0.00238276
0.00242937
0.00246445
0.00240988
0.00240320
0.00240726
0.00236846
0.00248921
0.00239473
0.00249505
0.00245290
0.00241508
0.00239409
0.00248690
0.00239102
0.00243499
0.00237807
0.00243134
0.00235489
0.00241777
0.00237918
0.00250288
0.00235251
0.00242043
0.00238062
0.00235977
0.00238140
0.00237973
0.00242068
0.00241117
0.00237630
0.00246862
0.00243959
0.00243901
0.00242838
0.00244541
0.00236773
0.00244356
0.00241919
0.00243589
0.00238907
0.00243737
0.00246277
0.00243185
0.00238189
0.00243978
0.00240876
0.00249355
0.00242015
0.00244460
0.00240923
0.00247626
0.00241574
0.00243000
0.00239882
0.00235158
0.00243606
0.00239211
0.00241444
0.00243023
0.00238524
0.00238600
0.00241125
0.00232742
0.00231721
0.00238272
0.00232296
0.00254213
0.00236256
0.00254353
0.00237525
0.00243567
0.00247182
0.00246809
0.00241553
0.00251795
0.00234810
0.00252916
0.00237484
0.00255607
0.00236345
0.00242488
0.00237590
0.00238845
0.00247934
0.00243659
0.00241949
0.00240563
0.00247685
0.00233557
0.00242925
0.00240909
0.00233189
0.00238133
0.00243462
0.00249964
0.00241488
0.00250960
0.00255655
0.00239442
0.00246473
0.00239900
0.00247265
0.00228402
0.00248868
0.00233720
0.00245773
0.00232306
0.00239458
0.00241648
0.00238885
0.00247255
0.00233814
0.00245671
0.00237060
0.00242477
0.00243561
0.00236987
0.00246625
0.00241139
0.00244947
0.00242966
0.00243897
0.00249778
0.00239931
0.00243669
0.00241806
0.00239705
0.00239037
0.00243133
0.00240716
0.00246109
0.00242076
0.00237111
0.00232927
0.00245362
0.00238214
0.00244512
0.00240260
0.00243704
0.00246298
0.00255299
0.00239509
0.00238104
0.00238137
0.00238658
0.00242221
0.00240512
0.00244609
0.00240054
0.00242815
0.00245412
0.00241634
0.00245307
0.00248881
0.00241164
