-0.00263495
-0.00240058
-0.00502837
-0.00016539
-0.00470632
-0.00016386
-0.00258874
0.00005746
-0.00042481
-0.00192876
0.00654328
-0.00049925
-0.00002162
0.00168876
-0.00145537
-0.00179609
-0.00497518
-0.00566206
-0.00479609
-0.00247926
-0.00616160
-0.00071152
0.00119079
-0.00467263
0.00012359
-0.01248839
-0.00092001
-0.00510409
0.00107731
-0.00528651
0.00100011
-0.00248913
-0.00066917
0.00319552
-0.00150281
-0.00059864
-0.00130819
-0.00133686
-0.00175698
0.00041094
-0.00200870
0.00262896
0.00084800
-0.00167341
0.00027832
-0.00071032
-0.00756375
-0.00816098
-0.00326868
-0.00662156
0.00045073
-0.00256610
-0.00270046
0.00026732
-0.00097354
-0.00112795
0.00251124
-0.00029485
0.00053994
-0.00238081
-0.00319161
0.00063498
-0.00328122
0.00037234
-0.00316568
-0.00185071
-0.00137460
-0.00285133
-0.00018728
-0.00148682
-0.00314293
-0.00041541
-0.00203990
-0.00115580
-0.00319470
-0.00243927
0.00111916
-0.00002855
-0.00090514
-0.00192196
-0.00299351
-0.00282662
-0.00245308
-0.00253461
-0.00095963
-0.00175671
-0.00139238
-0.00188458
-0.00284849
-0.00281420
-0.00117468
-0.00129896
-0.00458166
-0.00066273
-0.00285573
-0.00114949
-0.00237745
-0.00197356
-0.00164945
-0.00108590
-0.00292161
0.00007320
-0.00292777
-0.00070667
-0.00186741
-0.00150495
-0.00234186
-0.00132394
-0.00134731
-0.00089680
-0.00197082
-0.00150975
0.00138378
-0.00164437
0.00099225
-0.00292233
-0.00162985
-0.00211649
-0.00178122
-0.00100568
-0.00189433
-0.00198267
-0.00148661
-0.00095060
-0.00099431
-0.00327999
-0.00214233
0.00006160
0.00033366
-0.00181262
-0.00023209
-0.00197508
-0.00106042
-0.00361210
-0.00247508
-0.00267592
-0.00087952
-0.00175603
-0.00154333
-0.00166957
-0.00051499
-0.00133932
-0.00166607
-0.00146927
-0.00139456
-0.00039002
-0.00160832
0.00001715
-0.00202496
-0.00045328
-0.00365753
-0.00180777
-0.00361890
-0.00169433
-0.00236075
-0.00148067
-0.00177033
-0.00136567
-0.00177409
-0.00224493
-0.00172791
-0.00176184
-0.00206278
-0.00259090
-0.00181215
-0.00143391
-0.00138989
-0.00192160
-0.00150115
-0.00213683
-0.00184024
-0.00163956
-0.00156717
-0.00051209
-0.00133654
-0.00136836
-0.00148344
-0.00177040
-0.00160520
-0.00052840
-0.00163810
-0.00118547
-0.00161844
-0.00141190
-0.00173122
-0.00183521
-0.00211244
-0.00150091
-0.00187299
-0.00168848
-0.00168074
-0.00180613
-0.00168111
-0.00173289
-0.00162104
-0.00162895
-0.00112731
-0.00115433
-0.00178351
-0.00143002
-0.00192013
0.00025238
0.00087204
-0.00094454
-0.00004994
-0.00290827
-0.00219617
-0.00244991
-0.00167876
-0.00081873
-0.00191004
-0.00272394
0.00063839
-0.00212281
-0.00087756
-0.00245536
-0.00165849
-0.00532544
-0.00181169
-0.00307144
-0.00321830
-0.00225754
-0.00044869
-0.00229046
-0.00179206
-0.00303927
-0.00114253
-0.00240086
-0.00131479
-0.00342639
-0.00159977
-0.00321947
-0.00144962
-0.00066534
-0.00112594
-0.00101526
-0.00204128
-0.00203189
-0.00172538
-0.00131481
-0.00143903
-0.00011095
-0.00101336
-0.00070740
-0.00208652
-0.00116450
-0.00171862
-0.00180715
-0.00157606
-0.00287184
-0.00176243
-0.00201029
-0.00198012
-0.00147593
-0.00182607
-0.00026095
-0.00174052
-0.00184038
-0.00163507
-0.00176052
-0.00120725
-0.00129237
-0.00069552
-0.00138937
-0.00126996
-0.00208047
-0.00142330
-0.00198296
-0.00107408
-0.00184692
-0.00120588
-0.00177744
-0.00162098
-0.00171961
-0.00241950
-0.00221302
-0.00277492
-0.00200487
-0.00216743
-0.00116880
-0.00202515
-0.00149897
-0.00159942
-0.00169737
-0.00175134
-0.00168057
-0.00164521
-0.00116020
-0.00147635
-0.00136632
-0.00147573
-0.00160564
-0.00127351
-0.00156118
-0.00146987
-0.00177490
-0.00181764
-0.00172713
-0.00157715
-0.00298094
-0.00245607
-0.00151627
-0.00199737
-0.00153596
-0.00140110
-0.00184950
-0.00142680
-0.00125802
-0.00250279
-0.00263119
-0.00253375
0.00150487
-0.00206256
-0.00096884
-0.00167534
-0.00115886
-0.00115338
-0.00146808
-0.00143985
-0.00224480
-0.00167111
-0.00191310
-0.00101917
-0.00150601
-0.00199303
-0.00168116
-0.00183621
-0.00205695
-0.00171589
-0.00177269
-0.00128767
-0.00048944
-0.00162353
-0.00192207
-0.00105755
-0.00168181
-0.00094303
-0.00211129
-0.00137175
-0.00195036
-0.00186130
-0.00202234
-0.00200449
-0.00258614
-0.00185202
-0.00191491
-0.00170020
-0.00106876
-0.00196359
-0.00145730
-0.00125530
-0.00130456
-0.00120963
-0.00118145
-0.00121110
-0.00147740
-0.00095055
-0.00145591
-0.00108951
-0.00213993
-0.00189750
-0.00192481
-0.00180051
-0.00208400
-0.00239730
-0.00167323
-0.00326295
-0.00223839
-0.00136943
-0.00220650
-0.00173526
-0.00196778
-0.00176937
-0.00171817
-0.00008746
-0.00034856
-0.00091786
-0.00130760
-0.00104303
-0.00149497
-0.00140778
-0.00198228
-0.00122611
-0.00192673
-0.00056915
-0.00064525
-0.00163489
-0.00129749
-0.00279667
-0.00183411
-0.00227955
-0.00145429
-0.00204903
-0.00162761
-0.00247880
-0.00181697
-0.00199702
-0.00169348
-0.00196868
-0.00200736
-0.00182144
-0.00199898
0.00016813
-0.00141595
-0.00042140
-0.00132098
-0.00139042
-0.00154495
-0.00196482
-0.00207163
-0.00162336
-0.00231831
-0.00196334
-0.00201319
-0.00173379
-0.00164257
-0.00161811
-0.00175573
-0.00106045
-0.00029067
-0.00189558
-0.00184606
-0.00146622
-0.00174864
-0.00200745
-0.00146179
-0.00204124
-0.00181582
-0.00176855
-0.00189280
-0.00188835
-0.00111242
-0.00168565
-0.00173670
-0.00155339
-0.00148328
-0.00183363
-0.00071511
-0.00042183
-0.00105577
-0.00197423
-0.00197960
-0.00223076
-0.00177385
-0.00196477
-0.00179997
-0.00224624
-0.00212876
-0.00209218
-0.00167174
-0.00227582
-0.00169673
-0.00226683
-0.00154794
-0.00279596
-0.00178005
-0.00176993
-0.00105452
-0.00127400
-0.00153705
-0.00171179
-0.00125355
-0.00094974
-0.00139358
-0.00147082
-0.00110902
-0.00174737
-0.00165292
-0.00162990
-0.00172977
-0.00171976
-0.00156474
-0.00167448
-0.00163187
-0.00161740
-0.00188607
-0.00193322
-0.00171826
-0.00184473
-0.00160478
-0.00224391
-0.00067448
-0.00154413
-0.00136731
-0.00080480
-0.00154385
-0.00093282
-0.00221135
-0.00154022
-0.00251681
-0.00204299
-0.00211649
-0.00199152
-0.00201502
-0.00168766
-0.00138025
-0.00161314
-0.00171901
-0.00147647
-0.00159073
-0.00151506
-0.00143286
-0.00219550
-0.00127098
-0.00158435
-0.00201930
-0.00185612
-0.00223628
-0.00182445
-0.00169830
-0.00175179
-0.00185231
-0.00100074
-0.00094012
-0.00114965
-0.00127054
-0.00143942
-0.00164157
-0.00148244
-0.00247246
-0.00186406
-0.00123234
-0.00184027
-0.00118722
-0.00136623
-0.00139655
-0.00152756
-0.00132873
-0.00164485
-0.00080150
-0.00287570
-0.00117273
-0.00188404
-0.00209231
-0.00171726
-0.00227362
-0.00220248
-0.00118281
-0.00210929
-0.00164715
-0.00175129
-0.00109462
-0.00108657
-0.00169105
-0.00147510
-0.00124122
-0.00246673
-0.00118449
-0.00198515
-0.00201344
-0.00172519
-0.00167684
-0.00215904
-0.00258750
-0.00266980
-0.00188672
-0.00179883
-0.00197091
-0.00009827
-0.00129247
-0.00073149
-0.00169750
0.00027329
-0.00086174
-0.00036648
-0.00102874
-0.00066521
-0.00194905
-0.00212576
-0.00271483
-0.00186297
-0.00202549
-0.00189979
-0.00181947
-0.00190537
-0.00167781
-0.00221430
-0.00169481
-0.00184346
-0.00163354
-0.00175746
-0.00124248
-0.00160550
-0.00107403
-0.00131210
-0.00092909
-0.00179530
-0.00148517
-0.00162295
-0.00130207
-0.00159137
-0.00155892
-0.00127491
-0.00192242
-0.00134859
-0.00160423
-0.00295815
-0.00179586
-0.00228073
-0.00193664
-0.00197898
-0.00240111
-0.00181881
-0.00187911
-0.00171321
-0.00159072
-0.00150754
-0.00137789
-0.00172926
-0.00211713
-0.00170040
-0.00222791
-0.00148781
-0.00040464
-0.00125834
-0.00099789
-0.00151278
-0.00160080
-0.00198918
-0.00174885
-0.00191987
-0.00189849
-0.00163179
-0.00197586
-0.00188561
-0.00222582
-0.00185719
-0.00048009
-0.00180488
-0.00124921
-0.00054632
-0.00019831
-0.00076645
-0.00232061
-0.00179624
-0.00138776
-0.00208145
-0.00156393
-0.00209544
-0.00018407
-0.00226003
-0.00167513
-0.00132120
-0.00182289
-0.00052312
-0.00205247
-0.00138730
-0.00209895
-0.00185643
-0.00295391
-0.00190045
-0.00235581
-0.00230937
-0.00190330
-0.00208782
-0.00219044
-0.00189482
-0.00110029
-0.00161960
-0.00142735
-0.00155259
-0.00126820
-0.00214857
-0.00142974
-0.00191559
-0.00149012
-0.00092656
-0.00174006
-0.00070948
-0.00115462
-0.00079929
-0.00117167
-0.00216153
-0.00179612
-0.00189324
-0.00161419
-0.00284953
-0.00197538
-0.00228905
-0.00259238
-0.00204333
-0.00295365
-0.00145384
-0.00303658
-0.00137800
-0.00208430
-0.00140681
-0.00079307
-0.00085991
-0.00119002
-0.00173798
-0.00103169
-0.00062475
-0.00125166
0.00063257
-0.00134121
-0.00095136
-0.00221071
-0.00197852
-0.00182158
-0.00189378
-0.00362140
-0.00194658
-0.00247562
-0.00128749
-0.00283737
-0.00111085
-0.00253092
-0.00103410
-0.00159661
0.00006325
-0.00113421
0.00024470
-0.00051728
0.00028089
0.00080599
-0.00025918
-0.00262047
-0.00254668
-0.00271917
-0.00278537
-0.00161858
-0.00243228
-0.00286928
-0.00224333
-0.00246261
-0.00126510
-0.00230236
-0.00171930
-0.00159502
-0.00217551
-0.00157683
-0.00145518
-0.00162112
-0.00097477
-0.00127919
-0.00132286
-0.00099513
-0.00137345
-0.00066283
-0.00086250
-0.00220893
-0.00144178
-0.00259579
-0.00177014
-0.00226960
-0.00306348
-0.00195463
-0.00286975
-0.00060215
-0.00116341
-0.00207524
-0.00182385
-0.00207214
-0.00084292
-0.00207284
-0.00126051
-0.00234718
-0.00212799
-0.00126560
-0.00156877
-0.00198307
-0.00164870
-0.00119177
-0.00037935
-0.00231123
0.00105112
-0.00210942
-0.00068225
-0.00201233
-0.00201158
-0.00257226
-0.00258052
-0.00319979
-0.00164189
-0.00187722
-0.00108787
-0.00328845
0.00015924
-0.00077292
-0.00097304
0.00136829
-0.00158215
-0.00074427
-0.00114074
-0.00326915
-0.00231508
0.00005374
-0.00151515
0.00228953
-0.00266320
0.00208944
-0.00164309
-0.00074079
-0.00339646
-0.00244981
-0.00186403
-0.00482874
-0.00315130
-0.00228338
-0.00290395
-0.00268427
-0.00227326
-0.00185599
-0.00201358
-0.00025424
-0.00114686
-0.00111280
-0.00058964
-0.00280459
-0.00156467
-0.00137702
-0.00151002
-0.00211330
-0.00267285
-0.00389845
-0.00425445
-0.00304782
-0.00209635
-0.00346734
-0.00085218
-0.00142739
-0.00059640
-0.00043717
0.00008914
-0.00046919
-0.00066919
-0.00108505
0.00084864
-0.00083131
-0.00056453
-0.00340435
-0.00142252
-0.00164046
-0.00209199
-0.00121951
-0.00188681
-0.00174150
-0.00080351
-0.00112136
-0.00166450
0.00045813
-0.00127222
-0.00223808
-0.00164062
-0.00183697
0.00081469
-0.00232455
-0.00106292
-0.00378998
-0.00225068
-0.00254749
-0.00244571
-0.00207462
-0.00313166
-0.00186548
-0.00350582
-0.00175155
-0.00216596
-0.00103791
-0.00123962
-0.00227640
-0.00172165
-0.00263366
-0.00105390
-0.00205499
-0.00149068
-0.00003384
-0.00099818
-0.00086564
-0.00065183
-0.00159905
-0.00201157
-0.00095090
-0.00142355
-0.00147393
-0.00116305
-0.00180225
-0.00182963
-0.00194389
-0.00148183
-0.00207755
-0.00172961
-0.00170174
-0.00152822
-0.00207994
0.00118565
-0.00280660
-0.00119437
-0.00201106
-0.00117449
-0.00173271
-0.00150639
-0.00227394
-0.00218029
-0.00011999
-0.00151452
-0.00211247
-0.00171228
-0.00205633
-0.00175795
-0.00230337
-0.00202617
-0.00187021
-0.00247785
-0.00268463
-0.00189557
-0.00284339
-0.00182071
-0.00169905
-0.00147853
-0.00130724
-0.00146637
-0.00143293
-0.00176577
-0.00138996
-0.00095663
-0.00432688
0.00044023
-0.00353777
-0.00003501
-0.00315790
-0.00000735
-0.00070569
-0.00527104
-0.00281900
-0.00173950
-0.00140092
-0.00176645
-0.00369092
-0.00205039
-0.00207029
-0.00145819
-0.00185286
-0.00062432
-0.00235447
0.00232184
-0.00044752
0.00059723
-0.00147243
0.00044822
-0.00071983
-0.00166829
-0.00358883
-0.00159299
-0.00215467
-0.00112257
-0.00273812
-0.00267493
-0.00063294
0.00040057
-0.00047584
-0.00162856
-0.00079061
-0.00340543
-0.00060863
-0.00118478
-0.00019370
-0.00139863
0.00001070
-0.00239957
0.00489548
-0.00075061
-0.00110010
-0.00230532
0.00131041
0.00177145
0.00234531
-0.00423026
-0.00141835
-0.00845069
-0.00444911
-0.00386968
-0.00163880
-0.00141845
-0.00568446
-0.00206571
-0.00396488
-0.00210845
-0.00424497
-0.00261980
-0.00300137
-0.00178992
-0.00283447
-0.00197748
0.00094943
-0.00091272
0.00009695
-0.00208629
0.00071061
-0.00118162
-0.00134024
-0.00129526
-0.00282655
-0.00211810
-0.00239140
-0.00110655
-0.00020063
-0.00258860
-0.00108312
-0.00217912
-0.00005320
-0.00064768
-0.00131838
-0.00024435
-0.00115813
-0.00390142
-0.00125685
-0.00240712
-0.00322822
-0.00123613
-0.00315863
-0.00216724
-0.00100580
-0.00016854
-0.00228810
-0.00139118
-0.00180846
-0.00163786
-0.00000490
-0.00245978
-0.00107868
0.00095132
-0.00166801
-0.00174019
0.00061368
0.00202391
-0.00275264
-0.00084423
-0.00291768
0.00018129
0.00088365
-0.00140079
-0.00442646
-0.00224685
0.00031278
-0.00459799
-0.00381215
-0.00395731
-0.00353993
-0.00619587
-0.00198722
-0.00294313
-0.00220303
-0.00115315
-0.00228781
-0.00121539
-0.00325151
-0.00323879
-0.00483300
-0.00204314
0.00010625
-0.00146733
-0.00026971
-0.00063813
-0.00078802
-0.00005898
-0.00113152
-0.00175184
-0.00182139
-0.00142639
-0.00146040
-0.00129679
-0.00255475
-0.00187830
-0.00228641
-0.00160589
-0.00130427
-0.00407213
-0.00174957
-0.00381232
-0.00298088
-0.00264250
0.00099869
-0.00204842
0.00213710
-0.00117227
-0.00069204
-0.00187762
-0.00147940
-0.00107699
-0.00261037
-0.00104019
-0.00153030
-0.00184706
-0.00146538
-0.00206716
-0.00120445
-0.00365189
-0.00177009
-0.00110650
-0.00082195
-0.00237858
-0.00077660
0.00149282
0.00380805
-0.00215439
-0.00128472
-0.00144354
-0.00243714
-0.00210439
-0.00208934
-0.00478928
-0.00121247
-0.00260255
-0.00067578
-0.00219534
-0.00214976
-0.00284063
-0.00208094
-0.00244979
-0.00072911
-0.00166138
-0.00151669
-0.00156851
-0.00165584
-0.00204291
