0.00017487
0.00376565
0.00262693
0.00167453
0.00323942
0.00210332
0.00191403
0.00073466
0.00331488
0.00324065
0.00158718
0.00121225
0.00553460
-0.00162297
0.00285017
-0.00117167
-0.00369894
-0.00302639
-0.00121354
-0.00338863
-0.00168515
-0.00084277
0.00331341
-0.00384171
-0.00545035
-0.01270115
-0.00645681
-0.00833979
-0.00169534
-0.00572687
-0.00437974
-0.00957144
-0.00817556
-0.00580975
-0.00267243
-0.00418819
-0.00333900
-0.00098033
-0.00290711
-0.00148607
0.00202806
-0.00049474
0.00003416
0.00227393
0.00132016
0.00182692
0.00128049
0.00080562
0.00284146
0.00166056
0.00106479
0.00081548
-0.00022537
-0.00058497
0.00015341
-0.00069302
-0.00044836
0.00091024
0.00060978
0.00076366
0.00023197
0.00043721
-0.00158416
0.00009395
0.00105062
0.00189517
0.00083748
0.00120191
0.00118417
0.00181498
0.00419810
0.00350148
0.00568763
0.00408564
0.00362401
0.00459213
0.00190046
0.00984970
0.00627418
0.00359356
0.00646513
0.00638781
0.00399079
0.00285109
0.00323216
0.00275879
0.00642863
0.00791136
0.00758141
0.00266337
0.00695985
0.00865871
0.01298318
0.00799312
0.00199755
0.00654081
0.00419132
0.00233199
0.00293107
0.00386390
0.00797394
0.00633910
0.00061312
0.00941858
0.00649358
0.00773788
0.00598093
0.00055609
0.00912823
0.00275479
0.00557412
0.00423755
0.00118953
-0.00486333
-0.00111681
-0.00019092
-0.00379349
-0.00050136
-0.00047518
-0.00168816
0.00068032
-0.00134034
0.00137851
-0.00338037
-0.00403009
-0.00425277
-0.00326719
-0.00169001
-0.00352628
-0.00418405
-0.00446457
-0.00358450
-0.00368830
-0.00011503
-0.00299765
-0.00435511
-0.00165056
-0.00066659
-0.00591353
-0.00676478
-0.00729122
-0.00281612
0.00129643
-0.01062203
-0.01234407
0.00167001
-0.01376780
-0.00108948
-0.00046126
0.00463580
0.00272743
0.00620396
0.00732604
0.00275378
-0.00143561
0.00202692
0.00381237
-0.00072338
0.00299247
0.00432361
0.00228535
0.00599145
-0.00297943
0.00340690
0.00333553
0.00469223
0.00828277
0.00939479
0.00708202
0.00574323
0.00741958
0.00443535
0.01175258
0.00849852
0.00924965
0.01126651
0.00807530
0.00722576
0.00716016
0.00464692
0.00450685
0.00214501
0.00198410
0.00318473
0.00378097
0.00464623
0.00124178
0.00321972
0.00339497
-0.00073396
0.00417513
0.00124871
0.00510839
0.00279839
-0.00178414
-0.00434554
0.00049906
-0.00090843
-0.00097010
-0.00287103
-0.00583549
-0.00849630
0.00537970
-0.00853249
-0.01002919
-0.00517070
-0.01222289
-0.00683349
-0.00639433
-0.00185483
-0.00122563
-0.00695524
-0.00231276
-0.00697000
-0.00192485
-0.00560316
-0.00280326
0.00133958
-0.00016611
0.00055792
0.00080970
0.00188442
0.00382139
0.00173523
0.00108885
0.00162017
0.00126398
-0.00014652
0.00236063
0.00719402
0.00140161
0.00311617
0.00366896
0.00791358
0.00710884
0.00839100
0.00835840
0.00729351
0.00362069
0.00374076
0.00426059
0.00310404
0.00786858
0.00426646
0.00029116
0.00126456
0.00412496
-0.00099498
0.00206857
0.00154554
0.00174819
0.00199565
0.00425922
0.00401231
0.00329237
0.00832606
0.00734564
0.00149392
0.00120798
0.00441591
0.00141936
0.00706265
-0.00342105
-0.00101483
-0.00323039
-0.00540897
