0.00276636
0.00244285
0.00193696
0.00268034
0.00249426
0.00287984
0.00330148
0.00340403
0.00307944
0.00300326
0.00285428
0.00319453
0.00288552
0.00289517
0.00323528
0.00254537
0.00266508
0.00237450
0.00241959
0.00296655
0.00242567
0.00313485
0.00327795
0.00308397
0.00183827
0.00256589
0.00240700
0.00309742
0.00311268
0.00300396
0.00323719
0.00273639
0.00316425
0.00294489
0.00302515
0.00265297
0.00250049
0.00265064
0.00273152
0.00280843
0.00263383
0.00297151
0.00305355
0.00307815
0.00297386
0.00273994
0.00271509
0.00247214
0.00266551
0.00257837
0.00320954
0.00257789
0.00323837
0.00303509
0.00301703
0.00304624
0.00299474
0.00290683
0.00321772
0.00286701
0.00241343
0.00284622
0.00281728
0.00299061
0.00249789
0.00308261
0.00253995
0.00297825
0.00242984
0.00277068
0.00263346
0.00291110
0.00266881
0.00268609
0.00276582
0.00274385
0.00313580
0.00277825
0.00293884
0.00307782
0.00289270
0.00279719
0.00284618
0.00250604
0.00304832
0.00281010
0.00281727
0.00269492
0.00256357
0.00302667
0.00286892
0.00263036
0.00293560
0.00296425
0.00291922
0.00295382
0.00284081
0.00274191
0.00293253
0.00286737
0.00293576
0.00317364
0.00293140
0.00308334
0.00283431
0.00293806
0.00279460
0.00281907
0.00277179
0.00259475
0.00274485
0.00262364
0.00299961
0.00268158
0.00318118
0.00278319
0.00283949
0.00278262
0.00285193
0.00249345
0.00272473
0.00268774
0.00282093
0.00286062
0.00300202
0.00293723
0.00327844
0.00325901
0.00325094
0.00277384
0.00274173
0.00266800
0.00261185
0.00261179
0.00279896
0.00273551
0.00293446
0.00268491
0.00323689
0.00284253
0.00320923
0.00284860
0.00291306
0.00242261
0.00261822
0.00277956
0.00286089
0.00263624
0.00284839
0.00271185
0.00286541
0.00298415
0.00279899
0.00301634
0.00265266
0.00291474
0.00288523
0.00292392
0.00277395
0.00286749
0.00282184
0.00260267
0.00307956
0.00272738
0.00293165
0.00282199
0.00290799
0.00282387
0.00303370
0.00296036
0.00295017
0.00310786
0.00281493
0.00264687
0.00269428
0.00271021
0.00299083
0.00286815
0.00309734
0.00288209
0.00289341
0.00278878
0.00295518
0.00257401
0.00273344
0.00260070
0.00278149
0.00239329
0.00268599
0.00277944
0.00273136
0.00277925
0.00312753
0.00304307
0.00275835
0.00324243
0.00251483
0.00293045
0.00251313
0.00280916
0.00258162
0.00302431
0.00287261
0.00298878
0.00271229
0.00252931
0.00222193
0.00251269
0.00274249
0.00367682
0.00308035
0.00333258
0.00301571
0.00386830
0.00262583
0.00315478
0.00254378
0.00234062
0.00254535
0.00294074
0.00286732
0.00300051
0.00299617
0.00287263
0.00292905
0.00263568
0.00298624
0.00276855
0.00283704
0.00278259
0.00331576
0.00239036
0.00282139
0.00241903
0.00290061
0.00271547
0.00324087
0.00254087
0.00342343
0.00254455
0.00363605
0.00283930
0.00342943
0.00242867
0.00248045
0.00251080
0.00254746
0.00268513
0.00239692
0.00272620
0.00273618
0.00288728
0.00269014
0.00292136
0.00303417
0.00302242
0.00309688
0.00302381
0.00297000
0.00293904
0.00311318
0.00303440
0.00292541
0.00278866
0.00260209
0.00282213
0.00271304
0.00286482
0.00278040
0.00284901
0.00280022
0.00284719
0.00281153
0.00269759
0.00279016
0.00267858
0.00262015
0.00276723
0.00262093
0.00278391
0.00277108
0.00290641
0.00290177
0.00297891
0.00286439
0.00292488
0.00287212
0.00301043
0.00266185
0.00295082
0.00302496
0.00307469
0.00318394
0.00296275
0.00287898
0.00255914
0.00287274
0.00270490
0.00284174
0.00275783
0.00295682
0.00286731
0.00288006
0.00268224
0.00277750
0.00275369
0.00281390
0.00243266
0.00281668
0.00306086
0.00297582
0.00267722
0.00285939
0.00282570
0.00274970
0.00252108
0.00294785
0.00256711
0.00287143
0.00281816
0.00295639
0.00290602
0.00302216
0.00286158
0.00299120
0.00280859
0.00282340
0.00291761
0.00288258
0.00293760
0.00295810
0.00301920
0.00277075
0.00267654
0.00275289
0.00289937
0.00279023
0.00295980
0.00289369
0.00273215
0.00275017
0.00285856
0.00260972
0.00242308
0.00276853
0.00299790
0.00269340
0.00294002
0.00290040
0.00320723
0.00272375
0.00296721
0.00279368
0.00345426
0.00266308
0.00273100
0.00291955
0.00285269
0.00282602
0.00287364
0.00304788
0.00292154
0.00286854
0.00306753
0.00284771
0.00277238
0.00229198
0.00224036
0.00263139
0.00262222
0.00304189
0.00292913
0.00264726
0.00308577
0.00290082
0.00347123
0.00313693
0.00343234
0.00299980
0.00289901
0.00268177
0.00256535
0.00263337
0.00286637
0.00288357
0.00262110
0.00277397
0.00264624
0.00275551
0.00276205
0.00277497
0.00272555
0.00242629
0.00266559
0.00273870
0.00296912
0.00295235
0.00288803
0.00297959
0.00319933
0.00300992
0.00316278
0.00317664
0.00295866
0.00289603
0.00328213
0.00285607
0.00295912
0.00250744
0.00239223
0.00248575
0.00250256
0.00264346
0.00287648
0.00297589
0.00291134
0.00292875
0.00284740
0.00288333
0.00297605
0.00270789
0.00243906
0.00270245
0.00228612
0.00268325
0.00290440
0.00287324
0.00303733
0.00311130
0.00337780
0.00280646
0.00298210
0.00280755
0.00313522
0.00280224
0.00292624
0.00307528
0.00327576
0.00289715
0.00283424
0.00280869
0.00256465
0.00258784
0.00262515
0.00275154
0.00284542
0.00294232
0.00293074
0.00255735
0.00259354
0.00267919
0.00250129
0.00279114
0.00240333
0.00306861
0.00308113
0.00339127
0.00313596
0.00317680
0.00291894
0.00294587
0.00284586
0.00281831
0.00270629
0.00276605
0.00272809
0.00275562
0.00276099
0.00280706
0.00284748
0.00279329
0.00283982
0.00276330
0.00274356
0.00279368
0.00288652
0.00281694
0.00292718
0.00286743
0.00291696
0.00286907
0.00291529
0.00291039
0.00294482
0.00307697
0.00306249
0.00285478
0.00284390
0.00272482
0.00264117
0.00261100
0.00261160
0.00282188
0.00279637
0.00284367
0.00290320
0.00269467
0.00300964
0.00291621
0.00292571
0.00287210
0.00258128
0.00274414
0.00273610
0.00299725
0.00279335
0.00300169
0.00260725
0.00287120
0.00301615
0.00330958
0.00324394
0.00323261
0.00323344
0.00290516
0.00260365
0.00296092
0.00276661
0.00301694
0.00274051
0.00285299
0.00282738
0.00243332
0.00286535
0.00260697
0.00278720
0.00195770
0.00262260
0.00276545
0.00304139
0.00258489
0.00291571
0.00338614
0.00304642
0.00278689
0.00250833
0.00265322
0.00287576
0.00285473
0.00291336
0.00285342
0.00288184
0.00323810
0.00293151
0.00316726
0.00286880
0.00257127
0.00288646
0.00276691
0.00283440
0.00280715
0.00261663
0.00288385
0.00277884
0.00280898
0.00287915
0.00280677
0.00278683
0.00300187
0.00265815
0.00286371
0.00304610
0.00303311
0.00293095
0.00306828
0.00265659
0.00270823
0.00255559
0.00247958
0.00237704
0.00288059
0.00279291
0.00272370
0.00312848
0.00294086
0.00315515
0.00287158
0.00310883
0.00278093
0.00287056
0.00280005
0.00283951
0.00296221
0.00294338
0.00284332
0.00291947
0.00272146
0.00264011
0.00273235
0.00271982
0.00284759
0.00284449
0.00279097
0.00277572
0.00283541
0.00243073
0.00283202
0.00274249
0.00291623
0.00292468
0.00307024
0.00297298
0.00268980
0.00316719
0.00286923
0.00309630
0.00287534
0.00283225
0.00284159
0.00269800
0.00323457
0.00276662
0.00305989
0.00270366
0.00284921
0.00266525
0.00290791
0.00280642
0.00275170
0.00284611
0.00248580
0.00277190
0.00265553
0.00253818
0.00268798
0.00279075
0.00259627
0.00282949
0.00310634
0.00312147
0.00316196
0.00296927
0.00278347
0.00315049
0.00249632
0.00293948
0.00290977
0.00294086
0.00301941
0.00285723
0.00265649
0.00280773
0.00290364
0.00230506
0.00286363
0.00254366
0.00294978
0.00288736
0.00309529
0.00303839
0.00342455
0.00309712
0.00304398
0.00249933
0.00261885
0.00225909
0.00316637
0.00258724
0.00299956
0.00276174
0.00291656
0.00319312
0.00294903
0.00278084
0.00285102
0.00297226
0.00260571
0.00258799
0.00281729
0.00323234
0.00294456
0.00283419
0.00261833
0.00273924
0.00267147
0.00262691
0.00280803
0.00284414
0.00285368
0.00288159
0.00300006
0.00275954
0.00296200
0.00289665
0.00287079
0.00319238
0.00295852
0.00295863
0.00280480
0.00252625
0.00289541
0.00283386
0.00287131
0.00255097
0.00272351
0.00286907
0.00277882
0.00288847
0.00284110
0.00205016
0.00270559
0.00241048
0.00286334
0.00280279
0.00304878
0.00304713
0.00321058
0.00349426
0.00313730
0.00313798
0.00289933
0.00305766
0.00296764
0.00277398
0.00256905
0.00249920
0.00266057
0.00227051
0.00283057
0.00253357
0.00313922
0.00299161
0.00288891
0.00311699
0.00290329
0.00289500
0.00283298
0.00237502
0.00273398
0.00264473
0.00282980
0.00284818
0.00246525
0.00286654
0.00251696
0.00286892
0.00290334
0.00301089
0.00294269
0.00291960
0.00327986
0.00329681
0.00321288
0.00302763
0.00299605
0.00270608
0.00277523
0.00303040
0.00293013
0.00311873
0.00292471
0.00295256
0.00315167
0.00276983
0.00297201
0.00247243
0.00272866
0.00231135
0.00274048
0.00254149
0.00238041
0.00268749
0.00259625
0.00284686
0.00276517
0.00313247
0.00346759
0.00304627
0.00307550
0.00270815
0.00296986
0.00264842
0.00287577
0.00246209
0.00307354
0.00274051
0.00279423
0.00267244
0.00288578
0.00280087
0.00290916
0.00265248
0.00279504
0.00277368
0.00265203
0.00299546
0.00285276
0.00312647
0.00289650
0.00305266
0.00242351
0.00281162
0.00197498
0.00286075
0.00262967
0.00313111
0.00309798
0.00312350
0.00286176
0.00319305
0.00242319
0.00289296
0.00320476
0.00300970
0.00324059
0.00303391
0.00295582
0.00226759
0.00268629
0.00251912
0.00339010
0.00287428
0.00246911
0.00312847
0.00330983
0.00303452
0.00299946
0.00250889
0.00274214
0.00282159
0.00284366
0.00279902
0.00239817
0.00271568
0.00245310
0.00272788
0.00277482
0.00285462
0.00289748
0.00253494
0.00271885
0.00297242
0.00287314
0.00307858
0.00291526
0.00304621
0.00324066
0.00300641
0.00298067
0.00285327
0.00250399
0.00247559
0.00280931
0.00274243
0.00269946
0.00309993
0.00290246
0.00298877
0.00284049
0.00289214
0.00251795
0.00264207
0.00270698
0.00309851
0.00292983
0.00268909
0.00280176
0.00258832
0.00307476
0.00286684
0.00303335
0.00283679
0.00241657
0.00272933
0.00292629
0.00294003
0.00344945
0.00330450
0.00314910
0.00310767
0.00295659
0.00281272
0.00245194
0.00275974
0.00298078
0.00282707
0.00284419
0.00298007
0.00259540
0.00348195
0.00288710
0.00300635
0.00270128
0.00298399
0.00267859
0.00259502
0.00233655
0.00218304
0.00254518
0.00272111
0.00223989
0.00334631
0.00325742
0.00325076
0.00274905
0.00291489
0.00279546
0.00228893
0.00289516
0.00268178
0.00295784
0.00294999
0.00297116
0.00277600
0.00290047
0.00284057
0.00293907
0.00287779
0.00341745
0.00296419
0.00290980
0.00226605
0.00356533
0.00347139
0.00322651
0.00295082
0.00301503
0.00284734
0.00295405
0.00242579
0.00249020
0.00194609
0.00228981
0.00240799
0.00238619
0.00230177
0.00272565
0.00211226
0.00308196
0.00386417
0.00338823
0.00318363
0.00291007
0.00292126
0.00311783
0.00326049
0.00264702
0.00333771
0.00277523
0.00263596
0.00264303
0.00277431
0.00247064
0.00290133
0.00272402
0.00284896
0.00281681
0.00272572
0.00343295
0.00289007
0.00315860
0.00297645
0.00290124
0.00282820
0.00271582
0.00299818
0.00279605
0.00320470
0.00275804
0.00286648
0.00272954
0.00272581
0.00266131
0.00262510
0.00241316
0.00263079
0.00269823
0.00307140
0.00244777
0.00224486
0.00259947
0.00287098
0.00259862
0.00335484
0.00274261
0.00295036
0.00292941
0.00298867
0.00294815
0.00318244
0.00304770
0.00301588
0.00308531
0.00290944
0.00346257
0.00291018
0.00306031
0.00241383
0.00218071
0.00244302
0.00276163
0.00298782
0.00306086
0.00296009
0.00293887
0.00283899
0.00241328
0.00272891
0.00253914
0.00287213
0.00263707
0.00275422
0.00281405
0.00303121
0.00295434
0.00291869
0.00297635
0.00291738
0.00300688
0.00274651
0.00292275
0.00281112
0.00278280
0.00280517
0.00298410
0.00287676
0.00306363
0.00263879
0.00277617
0.00294372
0.00278908
0.00286387
0.00299895
0.00288095
0.00291368
0.00278348
0.00333081
0.00266792
0.00263053
0.00243293
0.00277842
0.00311301
0.00315430
0.00264869
0.00265773
0.00267121
0.00164211
0.00306937
0.00261943
0.00297816
0.00303207
0.00321868
0.00305737
0.00334396
0.00321244
0.00302027
0.00290518
0.00274509
0.00262928
0.00240895
0.00268181
0.00307539
0.00278585
0.00308207
0.00309727
0.00312479
0.00261965
0.00249767
0.00268025
0.00252320
0.00280664
0.00267428
0.00298646
0.00245011
0.00269494
0.00298271
0.00293508
0.00314660
0.00293639
0.00285301
0.00310085
0.00289880
0.00309064
0.00278461
0.00304519
0.00297413
0.00262094
0.00240667
0.00264927
0.00296235
0.00293543
0.00230020
0.00272724
0.00279286
0.00290653
0.00348050
0.00305503
0.00315463
0.00298562
0.00284076
0.00267501
0.00320843
0.00325448
0.00273969
0.00221067
0.00191212
0.00232936
0.00267622
0.00317723
0.00301911
0.00310336
0.00270017
0.00294739
0.00262493
0.00328561
0.00272004
0.00301754
0.00271602
0.00289577
0.00272635
0.00299142
0.00284386
0.00289277
0.00284480
0.00276900
0.00294313
0.00284152
