-0.00266783
-0.00194255
-0.00246184
-0.00204488
-0.00213783
-0.00233094
-0.00223777
-0.00235245
-0.00242183
-0.00246286
-0.00240625
-0.00279027
-0.00229350
-0.00240421
-0.00286408
-0.00223432
-0.00212126
-0.00229096
-0.00192664
-0.00211475
-0.00206345
-0.00208291
-0.00212336
-0.00208395
-0.00165837
-0.00198470
-0.00194936
-0.00190921
-0.00198755
-0.00168553
-0.00187746
-0.00204695
-0.00201283
-0.00205838
-0.00186225
-0.00204063
-0.00125741
-0.00291569
-0.00241181
-0.00267272
-0.00268336
-0.00256135
-0.00239533
-0.00259081
-0.00236477
-0.00238247
-0.00268579
-0.00213891
-0.00209417
-0.00205956
-0.00257941
-0.00216666
-0.00211217
-0.00202814
-0.00226715
-0.00209296
-0.00201059
-0.00193635
-0.00193097
-0.00197742
-0.00196850
-0.00234387
-0.00209390
-0.00222755
-0.00215278
-0.00250815
-0.00226700
-0.00219061
-0.00237193
-0.00232106
-0.00229656
-0.00212447
-0.00244562
-0.00218296
-0.00214357
-0.00218458
-0.00201128
-0.00188230
-0.00194737
-0.00211871
-0.00191644
-0.00198602
-0.00183218
-0.00201867
-0.00199533
-0.00206148
-0.00207597
-0.00218941
-0.00230603
-0.00220625
-0.00227652
-0.00271287
-0.00248500
-0.00240061
-0.00247779
-0.00232436
-0.00239874
-0.00226629
-0.00244420
-0.00219949
-0.00212804
-0.00224585
-0.00201283
-0.00196271
-0.00212371
-0.00216226
-0.00201140
-0.00223969
-0.00195530
-0.00213783
-0.00196897
-0.00200982
-0.00202333
-0.00179221
-0.00149775
-0.00178160
-0.00163954
-0.00184842
-0.00190498
-0.00196466
-0.00223621
-0.00212172
-0.00236606
-0.00234305
-0.00263236
-0.00267787
-0.00278697
-0.00260303
-0.00244387
-0.00250010
-0.00199871
-0.00210474
-0.00203225
-0.00217298
-0.00199277
-0.00213574
-0.00189764
-0.00214949
-0.00205465
-0.00203102
-0.00208823
-0.00208971
-0.00210392
-0.00157540
-0.00196379
-0.00201965
-0.00204986
-0.00210524
-0.00224189
-0.00216959
-0.00228660
-0.00226089
-0.00220682
-0.00226046
-0.00229684
-0.00227960
-0.00198006
-0.00207233
-0.00209311
-0.00210581
-0.00214254
-0.00246998
-0.00238438
-0.00244255
-0.00229699
-0.00238778
-0.00228586
-0.00226720
-0.00235950
-0.00236429
-0.00226554
-0.00230256
-0.00222284
-0.00218154
-0.00213838
-0.00211941
-0.00217465
-0.00217543
-0.00216588
-0.00209425
-0.00200902
-0.00206930
-0.00201441
-0.00207976
-0.00208291
-0.00206279
-0.00214677
-0.00210156
-0.00206024
-0.00210904
-0.00196580
-0.00203214
-0.00205205
-0.00215134
-0.00215250
-0.00208079
-0.00217329
-0.00204749
-0.00216001
-0.00216446
-0.00217833
-0.00225445
-0.00222664
-0.00245285
-0.00224420
-0.00214002
-0.00224771
-0.00218559
-0.00218607
-0.00214794
-0.00220790
-0.00212988
-0.00230918
-0.00214057
-0.00221891
-0.00227872
-0.00217877
-0.00199585
-0.00214007
-0.00222016
-0.00204509
-0.00214104
-0.00224260
-0.00229549
-0.00216781
-0.00221454
-0.00221220
-0.00218029
-0.00207660
-0.00213156
-0.00225539
-0.00208107
-0.00220069
-0.00222106
-0.00214760
-0.00214567
-0.00215083
-0.00210037
-0.00205278
-0.00212155
-0.00217216
-0.00207689
-0.00218233
-0.00211666
-0.00207020
-0.00211436
-0.00199875
-0.00160446
-0.00120489
-0.00101687
-0.00151224
-0.00225305
-0.00181677
-0.00228470
-0.00315970
-0.00258493
-0.00286186
-0.00298829
-0.00275292
-0.00271217
-0.00255726
-0.00248035
-0.00234501
-0.00257620
-0.00221124
-0.00213417
-0.00215439
-0.00223661
-0.00207607
-0.00215148
-0.00207777
-0.00230969
-0.00212245
-0.00217394
-0.00212372
-0.00175772
-0.00196756
-0.00204661
-0.00197912
-0.00178038
-0.00202333
-0.00202981
-0.00205914
-0.00214688
-0.00205977
-0.00223454
-0.00223593
-0.00234590
-0.00225049
-0.00230495
-0.00242156
-0.00226246
-0.00228400
-0.00223070
-0.00213770
-0.00208665
-0.00213059
-0.00209323
-0.00218428
-0.00209735
-0.00222645
-0.00210340
-0.00216592
-0.00219750
-0.00217523
-0.00216565
-0.00216546
-0.00202521
-0.00208790
-0.00218296
-0.00216050
-0.00186900
-0.00218436
-0.00211599
-0.00207658
-0.00212421
-0.00212482
-0.00214525
-0.00214047
-0.00216430
-0.00219492
-0.00232633
-0.00219321
-0.00230282
-0.00236069
-0.00229136
-0.00227951
-0.00229715
-0.00226093
-0.00225496
-0.00234140
-0.00215314
-0.00213461
-0.00226615
-0.00213178
-0.00211182
-0.00213496
-0.00204176
-0.00202237
-0.00201441
-0.00202981
-0.00212156
-0.00208721
-0.00213776
-0.00214391
-0.00223038
-0.00223520
-0.00217886
-0.00221808
-0.00218580
-0.00218844
-0.00211258
-0.00218143
-0.00226245
-0.00213518
-0.00217289
-0.00217185
-0.00215015
-0.00216540
-0.00213333
-0.00215799
-0.00207045
-0.00217653
-0.00199568
-0.00212042
-0.00209205
-0.00204609
-0.00201131
-0.00218981
-0.00206441
-0.00225638
-0.00236606
-0.00217696
-0.00242529
-0.00235960
-0.00240383
-0.00225661
-0.00218983
-0.00221061
-0.00205544
-0.00210191
-0.00208845
-0.00207717
-0.00216594
-0.00207564
-0.00209769
-0.00213388
-0.00212499
-0.00213591
-0.00210284
-0.00216474
-0.00212413
-0.00205149
-0.00211384
-0.00221775
-0.00217677
-0.00222009
-0.00219456
-0.00212230
-0.00212476
-0.00216448
-0.00202707
-0.00215285
-0.00220556
-0.00217329
-0.00214306
-0.00221132
-0.00225106
-0.00222088
-0.00236127
-0.00224664
-0.00212746
-0.00232462
-0.00215673
-0.00226180
-0.00220831
-0.00216991
-0.00212268
-0.00219220
-0.00205752
-0.00203393
-0.00207363
-0.00204853
-0.00209238
-0.00211915
-0.00209977
-0.00207586
-0.00187106
-0.00204021
-0.00218021
-0.00219081
-0.00226535
-0.00225115
-0.00231635
-0.00239394
-0.00231967
-0.00241368
-0.00230672
-0.00223140
-0.00222936
-0.00218726
-0.00216183
-0.00212748
-0.00212611
-0.00215054
-0.00207721
-0.00214916
-0.00215467
-0.00216983
-0.00218391
-0.00217744
-0.00214218
-0.00217324
-0.00215632
-0.00221156
-0.00223403
-0.00221414
-0.00216360
-0.00218286
-0.00215144
-0.00217661
-0.00215668
-0.00220537
-0.00211913
-0.00222634
-0.00213501
-0.00218130
-0.00225365
-0.00222259
-0.00219596
-0.00212329
-0.00203598
-0.00209337
-0.00202584
-0.00211535
-0.00212006
-0.00208201
-0.00215160
-0.00215832
-0.00208207
-0.00227150
-0.00211718
-0.00215833
-0.00184949
-0.00213142
-0.00209882
-0.00209711
-0.00186358
-0.00198931
-0.00220252
-0.00225118
-0.00230946
-0.00245179
-0.00226768
-0.00250816
-0.00234893
-0.00232022
-0.00231709
-0.00228638
-0.00220932
-0.00219522
-0.00225323
-0.00220404
-0.00227570
-0.00226406
-0.00217151
-0.00222516
-0.00217616
-0.00209933
-0.00207713
-0.00215688
-0.00214097
-0.00214701
-0.00208171
-0.00211894
-0.00206267
-0.00214188
-0.00208911
-0.00218706
-0.00200786
-0.00224704
-0.00217232
-0.00217618
-0.00216723
-0.00216352
-0.00215557
-0.00208136
-0.00212506
-0.00212804
-0.00213570
-0.00195681
-0.00211363
-0.00213742
-0.00211857
-0.00213924
-0.00218000
-0.00221356
-0.00235682
-0.00223897
-0.00223767
-0.00228265
-0.00217748
-0.00212748
-0.00201611
-0.00215914
-0.00210421
-0.00205308
-0.00217543
-0.00224143
-0.00221754
-0.00221214
-0.00254221
-0.00242365
-0.00234596
-0.00255387
-0.00232615
-0.00221819
-0.00223367
-0.00209673
-0.00217878
-0.00200921
-0.00201087
-0.00196147
-0.00186803
-0.00200364
-0.00194185
-0.00187393
-0.00191424
-0.00194997
-0.00196137
-0.00200248
-0.00210565
-0.00211031
-0.00225939
-0.00221990
-0.00224330
-0.00225779
-0.00230101
-0.00227538
-0.00224221
-0.00219371
-0.00222010
-0.00218215
-0.00211369
-0.00212967
-0.00216995
-0.00217035
-0.00212838
-0.00216349
-0.00203416
-0.00213478
-0.00211870
-0.00202136
-0.00219394
-0.00214841
-0.00213603
-0.00217573
-0.00223906
-0.00226889
-0.00225735
-0.00230146
-0.00225648
-0.00242413
-0.00229098
-0.00230286
-0.00230175
-0.00222195
-0.00218002
-0.00216963
-0.00198980
-0.00207070
-0.00200299
-0.00209763
-0.00218879
-0.00214999
-0.00224704
-0.00215847
-0.00212796
-0.00202916
-0.00216454
-0.00201762
-0.00202439
-0.00220425
-0.00214832
-0.00200995
-0.00215853
-0.00228563
-0.00216991
-0.00221175
-0.00223441
-0.00222855
-0.00225960
-0.00221457
-0.00214171
-0.00213651
-0.00213098
-0.00212937
-0.00215781
-0.00212061
-0.00216777
-0.00209576
-0.00212041
-0.00218160
-0.00205701
-0.00225449
-0.00197782
-0.00211229
-0.00211702
-0.00218143
-0.00212085
-0.00219790
-0.00218423
-0.00220067
-0.00224637
-0.00233425
-0.00225651
-0.00237770
-0.00220822
-0.00225271
-0.00219376
-0.00217643
-0.00204255
-0.00210823
-0.00213862
-0.00208210
-0.00217184
-0.00211649
-0.00215334
-0.00211957
-0.00216103
-0.00215351
-0.00205006
-0.00224997
-0.00215460
-0.00214431
-0.00227349
-0.00228681
-0.00228848
-0.00221375
-0.00217226
-0.00231607
-0.00215351
-0.00216676
-0.00219534
-0.00227059
-0.00203772
-0.00204447
-0.00209729
-0.00213920
-0.00209724
-0.00209478
-0.00210960
-0.00213120
-0.00216147
-0.00211671
-0.00206663
-0.00207591
-0.00206555
-0.00211257
-0.00216565
-0.00209304
-0.00212195
-0.00212226
-0.00219434
-0.00214998
-0.00221109
-0.00217398
-0.00216093
-0.00220827
-0.00212882
-0.00219665
-0.00220562
-0.00229662
-0.00223428
-0.00231117
-0.00227818
-0.00226704
-0.00226635
-0.00222189
-0.00221192
-0.00222179
-0.00213432
-0.00213818
-0.00209259
-0.00211470
-0.00200122
-0.00193355
-0.00216327
-0.00208011
-0.00214373
-0.00217646
-0.00219599
-0.00223017
-0.00219987
-0.00212518
-0.00218087
-0.00224829
-0.00233711
-0.00224110
-0.00230438
-0.00226390
-0.00228328
-0.00219101
-0.00219052
-0.00205840
-0.00223883
-0.00211351
-0.00210292
-0.00217722
-0.00214814
-0.00215212
-0.00221382
-0.00220323
-0.00225387
-0.00224759
-0.00212862
-0.00225287
-0.00219262
-0.00222100
-0.00216860
-0.00208995
-0.00215476
-0.00202539
-0.00212841
-0.00207209
-0.00197612
-0.00207260
-0.00211496
-0.00210230
-0.00217097
-0.00217604
-0.00221135
-0.00229537
-0.00223013
-0.00228947
-0.00221587
-0.00225118
-0.00213034
-0.00229462
-0.00214615
-0.00208464
-0.00212663
-0.00205260
-0.00207723
-0.00194953
-0.00215260
-0.00202821
-0.00209284
-0.00218048
-0.00214937
-0.00212280
-0.00217132
-0.00223728
-0.00210094
-0.00207601
-0.00217178
-0.00195424
-0.00188036
-0.00210320
-0.00202263
-0.00218778
-0.00211249
-0.00226509
-0.00225328
-0.00237370
-0.00227747
-0.00230641
-0.00230791
-0.00217063
-0.00219179
-0.00225265
-0.00218036
-0.00226527
-0.00222623
-0.00232239
-0.00230977
-0.00228348
-0.00219468
-0.00230248
-0.00224677
-0.00213859
-0.00214779
-0.00217282
-0.00203920
-0.00212594
-0.00215936
-0.00207007
-0.00205184
-0.00209392
-0.00197949
-0.00201417
-0.00195829
-0.00209849
-0.00209028
-0.00204584
-0.00214481
-0.00213388
-0.00215770
-0.00213956
-0.00219347
-0.00221161
-0.00217629
-0.00220686
-0.00219952
-0.00226595
-0.00222536
-0.00229809
-0.00224648
-0.00223645
-0.00222883
-0.00224308
-0.00210294
-0.00217061
-0.00209359
-0.00213020
-0.00207511
-0.00208294
-0.00212411
-0.00217894
-0.00219942
-0.00220566
-0.00209839
-0.00222691
-0.00223044
-0.00198790
-0.00209027
-0.00233874
-0.00223157
-0.00238210
-0.00226684
-0.00227051
-0.00224053
-0.00224415
-0.00223479
-0.00215450
-0.00215267
-0.00210878
-0.00218404
-0.00207829
-0.00210153
-0.00219483
-0.00212549
-0.00223177
-0.00217646
-0.00205188
-0.00210834
-0.00206511
-0.00201169
-0.00205504
-0.00207200
-0.00202324
-0.00214681
-0.00225436
-0.00219270
-0.00224099
-0.00224369
-0.00235084
-0.00212305
-0.00220803
-0.00226824
-0.00212882
-0.00208432
-0.00225387
-0.00208455
-0.00224504
-0.00216756
-0.00219751
-0.00208786
-0.00223599
-0.00224065
-0.00211019
-0.00203288
-0.00207337
-0.00224657
-0.00212306
-0.00216006
-0.00228994
-0.00207161
-0.00242826
-0.00225290
-0.00242583
-0.00212254
-0.00238784
-0.00216012
-0.00216332
-0.00217039
-0.00210706
-0.00191507
-0.00199307
-0.00205541
-0.00181939
-0.00197434
-0.00202795
-0.00205822
-0.00223803
-0.00223654
-0.00216908
-0.00223693
-0.00217497
-0.00202388
-0.00157394
-0.00148431
-0.00181823
-0.00234961
-0.00206028
-0.00252023
-0.00247643
-0.00257393
-0.00288303
-0.00268750
-0.00256538
-0.00248741
-0.00238181
-0.00237425
-0.00220841
-0.00229236
-0.00217389
-0.00213753
-0.00196090
-0.00196251
-0.00186465
-0.00194179
-0.00203049
-0.00196812
-0.00204139
-0.00212029
-0.00199900
-0.00230066
-0.00209222
-0.00208504
-0.00209273
-0.00208399
-0.00213214
-0.00214382
-0.00223754
-0.00215309
-0.00220134
-0.00219887
-0.00223484
-0.00225764
-0.00222791
-0.00222146
-0.00224772
-0.00224525
-0.00219513
-0.00219367
-0.00230884
-0.00216296
-0.00213236
-0.00223533
-0.00217259
-0.00221808
-0.00211223
-0.00216686
-0.00210690
-0.00216348
-0.00211641
-0.00223476
-0.00209840
-0.00217415
-0.00208648
-0.00214167
-0.00211858
-0.00211800
-0.00212170
-0.00210476
-0.00202193
-0.00211430
-0.00211148
-0.00214824
-0.00212621
-0.00216562
-0.00214306
-0.00219264
-0.00220696
-0.00222132
-0.00218513
-0.00222302
-0.00222010
-0.00223394
-0.00216135
-0.00216106
-0.00225025
-0.00217118
-0.00210401
-0.00208323
-0.00222190
-0.00210448
-0.00208665
-0.00213134
-0.00220787
-0.00212110
-0.00231018
-0.00228269
-0.00211460
-0.00253800
-0.00202506
-0.00237055
-0.00214706
-0.00216723
-0.00212739
-0.00216357
-0.00212926
-0.00203399
-0.00212576
-0.00215007
-0.00201355
-0.00206319
-0.00214139
-0.00196560
-0.00205237
-0.00219299
-0.00206783
-0.00217857
-0.00227442
-0.00213324
-0.00225986
-0.00226190
-0.00215753
-0.00217051
-0.00219741
-0.00217407
-0.00216045
-0.00213113
-0.00224347
-0.00212017
-0.00232295
-0.00220951
-0.00219106
-0.00227763
-0.00219917
-0.00213282
-0.00212366
-0.00218689
-0.00214433
-0.00212019
-0.00217879
-0.00208614
-0.00201765
-0.00217612
-0.00216838
-0.00211058
-0.00221317
-0.00211670
-0.00212726
-0.00216109
-0.00215706
-0.00209665
-0.00216820
-0.00218863
-0.00216082
-0.00219851
-0.00208115
-0.00212723
-0.00231656
-0.00231218
-0.00216974
-0.00220666
-0.00222789
-0.00222515
-0.00218573
-0.00216552
-0.00208454
-0.00213388
-0.00221014
-0.00219882
-0.00217216
-0.00215761
-0.00218139
-0.00218711
-0.00218762
-0.00216716
-0.00204252
-0.00214025
-0.00204547
-0.00203539
-0.00209979
