0.00365850
0.00362223
0.00364536
0.00365697
0.00361390
0.00364840
0.00364108
0.00365722
0.00365676
0.00362974
0.00366128
0.00368094
0.00365541
0.00367075
0.00369946
0.00365691
0.00369021
0.00366630
0.00363207
0.00366424
0.00364546
0.00362730
0.00365722
0.00364593
0.00360281
0.00362845
0.00361779
0.00362161
0.00364259
0.00360365
0.00367770
0.00364842
0.00367832
0.00366236
0.00366211
0.00366192
0.00365321
0.00366841
0.00364700
0.00365047
0.00366569
0.00366758
0.00367851
0.00367978
0.00365505
0.00367762
0.00365969
0.00362459
0.00364774
0.00360043
0.00363507
0.00360407
0.00363636
0.00364523
0.00363350
0.00365865
0.00368324
0.00366969
0.00367485
0.00367982
0.00363918
0.00368071
0.00366640
0.00364926
0.00363074
0.00367995
0.00362985
0.00365219
0.00364926
0.00361521
0.00364611
0.00363411
0.00363821
0.00362211
0.00362366
0.00364094
0.00365233
0.00362667
0.00364511
0.00367479
0.00364389
0.00365964
0.00366006
0.00364861
0.00365412
0.00364899
0.00363283
0.00366037
0.00362229
0.00364645
0.00363894
0.00361733
0.00362064
0.00364782
0.00363164
0.00363941
0.00363496
0.00364476
0.00366187
0.00358459
0.00353569
0.00359102
0.00343996
0.00346307
0.00354519
0.00355130
0.00356467
0.00373642
0.00369309
0.00380325
0.00375853
0.00377432
0.00378307
0.00370147
0.00370114
0.00367796
0.00364487
0.00361355
0.00358956
0.00357893
0.00361382
0.00357750
0.00360607
0.00362682
0.00369402
0.00364251
0.00372043
0.00367615
0.00369111
0.00371183
0.00366008
0.00367494
0.00367148
0.00365403
0.00367999
0.00368292
0.00366821
0.00368098
0.00366393
0.00365703
0.00365085
0.00363587
0.00364600
0.00362029
0.00361799
0.00365270
0.00362839
0.00364782
0.00364070
0.00366043
0.00365828
0.00367789
0.00364859
0.00366023
0.00366309
0.00366740
0.00361528
0.00367946
0.00363852
0.00366804
0.00365470
0.00366543
0.00366617
0.00365630
0.00366674
0.00367174
0.00363279
0.00369570
0.00363467
0.00368397
0.00365029
0.00364865
0.00366322
0.00362304
0.00363820
0.00362743
0.00366414
0.00361623
0.00366212
0.00368157
0.00363782
0.00369756
0.00364970
0.00367039
0.00367583
0.00363626
0.00367650
0.00362603
0.00363131
0.00363441
0.00361964
0.00363178
0.00364739
0.00364786
0.00367756
0.00365834
0.00367206
0.00365682
0.00364746
0.00365353
0.00365028
0.00365075
0.00365735
0.00367220
0.00365567
0.00364903
0.00366972
0.00365371
0.00365006
0.00367885
0.00364253
0.00369002
0.00367787
0.00365553
0.00369112
0.00365864
0.00366534
0.00367266
0.00365546
0.00366007
0.00363967
0.00365742
0.00365188
0.00366922
0.00365452
0.00361194
0.00368850
0.00362217
0.00364675
0.00361961
0.00365672
0.00362089
0.00366341
0.00364847
0.00363966
0.00367103
0.00365220
0.00364211
0.00365999
0.00364558
0.00366005
0.00365021
0.00365409
0.00366882
0.00363587
0.00367165
0.00362944
0.00366253
0.00363532
0.00363233
0.00364570
0.00365192
0.00360931
0.00364830
0.00364609
0.00364093
0.00363958
0.00365713
0.00364625
0.00365581
0.00365153
0.00363883
0.00365139
0.00366148
0.00362342
0.00367881
0.00364766
0.00366254
0.00366314
0.00364762
0.00366025
0.00364819
0.00365560
0.00363301
0.00365220
0.00364575
0.00363889
0.00364233
0.00365211
0.00363604
0.00367279
0.00364059
0.00366534
0.00366815
0.00363934
0.00367971
0.00363152
0.00365931
0.00364725
0.00366531
0.00365978
0.00366366
0.00366982
0.00365391
0.00368320
0.00365086
0.00364150
0.00365592
0.00366661
0.00363084
0.00366269
0.00364980
0.00365546
0.00365409
0.00364994
0.00365281
0.00365054
0.00364117
0.00366704
0.00363581
0.00367276
0.00362401
0.00366784
0.00364674
0.00365912
0.00364906
0.00365865
0.00367671
0.00366008
0.00365387
0.00366550
0.00365944
0.00364727
0.00363816
0.00364274
0.00363419
0.00365004
0.00363897
0.00363461
0.00364760
0.00367148
0.00363322
0.00367595
0.00363805
0.00366312
0.00366619
0.00365007
0.00365865
0.00366597
0.00363820
0.00366125
0.00366206
0.00365600
0.00363924
0.00368255
0.00365205
0.00365417
0.00366327
0.00363710
0.00365391
0.00365420
0.00359847
0.00364599
0.00364724
0.00359435
0.00362541
0.00362551
0.00363448
0.00360221
0.00364758
0.00363896
0.00363529
0.00369497
0.00361947
0.00371565
0.00364044
0.00370402
0.00363305
0.00370090
0.00365025
0.00367334
0.00367791
0.00364044
0.00367697
0.00365056
0.00367472
0.00363077
0.00367508
0.00364972
0.00364077
0.00366151
0.00366440
0.00364845
0.00366252
0.00366223
0.00366063
0.00365895
0.00363896
0.00367007
0.00362439
0.00365682
0.00363663
0.00364859
0.00366107
0.00365114
0.00366600
0.00367139
0.00366452
0.00365566
0.00365654
0.00364940
0.00363813
0.00364216
0.00363885
0.00364725
0.00364432
0.00365154
0.00367591
0.00365708
0.00366560
0.00366931
0.00364976
0.00365807
0.00364909
0.00366133
0.00364542
0.00366016
0.00366478
0.00365654
0.00364792
0.00364972
0.00364320
0.00363926
0.00364055
0.00365552
0.00364886
0.00364698
0.00365344
0.00365140
0.00363083
0.00364739
0.00363624
0.00361481
0.00363441
0.00361305
0.00365781
0.00358838
0.00364809
0.00363149
0.00363165
0.00363827
0.00366092
0.00362654
0.00367014
0.00362569
0.00366557
0.00362432
0.00363378
0.00364715
0.00364856
0.00364470
0.00363316
0.00364262
0.00363846
0.00361313
0.00361447
0.00365552
0.00360960
0.00365769
0.00365338
0.00366430
0.00369214
0.00368619
0.00367709
0.00371668
0.00366512
0.00368257
0.00366138
0.00366759
0.00362487
0.00364491
0.00364835
0.00363646
0.00363605
0.00365330
0.00365544
0.00365697
0.00366393
0.00366485
0.00365554
0.00368233
0.00364400
0.00367568
0.00365349
0.00368169
0.00367773
0.00367378
0.00367825
0.00365521
0.00365898
0.00365295
0.00362516
0.00363576
0.00363700
0.00363675
0.00366689
0.00364418
0.00366583
0.00366680
0.00365275
0.00366019
0.00363916
0.00366521
0.00362666
0.00364322
0.00365834
0.00364074
0.00366454
0.00359018
0.00365622
0.00363573
0.00364389
0.00360669
0.00366386
0.00364843
0.00369099
0.00365877
0.00368304
0.00369200
0.00367276
0.00367683
0.00368932
0.00364204
0.00367264
0.00364023
0.00365462
0.00365032
0.00362289
0.00364332
0.00364569
0.00361796
0.00366634
0.00362483
0.00366095
0.00364771
0.00365657
0.00365084
0.00366099
0.00364727
0.00365892
0.00367755
0.00366724
0.00366026
0.00366233
0.00366789
0.00365028
0.00364335
0.00365015
0.00361848
0.00364718
0.00361111
0.00362582
0.00363056
0.00361737
0.00363097
0.00367051
0.00364199
0.00369731
0.00368018
0.00369432
0.00368672
0.00369416
0.00367251
0.00367670
0.00364643
0.00365090
0.00364929
0.00363430
0.00363861
0.00362445
0.00366218
0.00361936
0.00366481
0.00364403
0.00365032
0.00364329
0.00365607
0.00363287
0.00364761
0.00365955
0.00363880
0.00364029
0.00365150
0.00366805
0.00365169
0.00364663
0.00367852
0.00363814
0.00367410
0.00366798
0.00365219
0.00365812
0.00365268
0.00365938
0.00365855
0.00363792
0.00364099
0.00365040
0.00364174
0.00364895
0.00364535
0.00365317
0.00365082
0.00367957
0.00364216
0.00367615
0.00365537
0.00366942
0.00363740
0.00364409
0.00365911
0.00361072
0.00364686
0.00364350
0.00364283
0.00366096
0.00365274
0.00367190
0.00366767
0.00363864
0.00366597
0.00363733
0.00366203
0.00363986
0.00363618
0.00365561
0.00365490
0.00365379
0.00365259
0.00366295
0.00364484
0.00366532
0.00364828
0.00364728
0.00364906
0.00363983
0.00363858
0.00364020
0.00364763
0.00362899
0.00363992
0.00364645
0.00364687
0.00364268
0.00366429
0.00366061
0.00366046
0.00365447
0.00365923
0.00364754
0.00365090
0.00362945
0.00365616
0.00364096
0.00366694
0.00366137
0.00367047
0.00364097
0.00362744
0.00361356
0.00360753
0.00354017
0.00359110
0.00362040
0.00357141
0.00365654
0.00369653
0.00367370
0.00370666
0.00371002
0.00369851
0.00367849
0.00366797
0.00365574
0.00364536
0.00363695
0.00366904
0.00366300
0.00366603
0.00372104
0.00369092
0.00369293
0.00370791
0.00370239
0.00365361
0.00366827
0.00365336
0.00364113
0.00363830
0.00362018
0.00363894
0.00362282
0.00363266
0.00364241
0.00364187
0.00368156
0.00366597
0.00366317
0.00368474
0.00366216
0.00365400
0.00364044
0.00365551
0.00364532
0.00363517
0.00364451
0.00366444
0.00364383
0.00365470
0.00366162
0.00365728
0.00366864
0.00366915
0.00366604
0.00366619
0.00365710
0.00366844
0.00363691
0.00365119
0.00365902
0.00362223
0.00366284
0.00362210
0.00360081
0.00362761
0.00360739
0.00360446
0.00363656
0.00363077
0.00367326
0.00366551
0.00367789
0.00368130
0.00367673
0.00365984
0.00365975
0.00368426
0.00364910
0.00364247
0.00368455
0.00362998
0.00367437
0.00363661
0.00366072
0.00365849
0.00364037
0.00365858
0.00367360
0.00365216
0.00367148
0.00367907
0.00366338
0.00367951
0.00368273
0.00366601
0.00366700
0.00369149
0.00365777
0.00365870
0.00367840
0.00365224
0.00365809
0.00365619
0.00364745
0.00366907
0.00362705
0.00367783
0.00364459
0.00366327
0.00365689
0.00366435
0.00367985
0.00366125
0.00366130
0.00367068
0.00365844
0.00367580
0.00365695
0.00367402
0.00366743
0.00365626
0.00365350
0.00365555
0.00363998
0.00362965
0.00365314
0.00362369
0.00364178
0.00365883
0.00364803
0.00365242
0.00366308
0.00366579
0.00365497
0.00367272
0.00360376
0.00364831
0.00359427
0.00361028
0.00360233
0.00360996
0.00360914
0.00362097
0.00363800
0.00365286
0.00365175
0.00365916
0.00368527
0.00361037
0.00365977
0.00356305
0.00341028
0.00304276
0.00297996
0.00317070
0.00200643
0.00306395
0.00230616
0.00288838
0.00320937
0.00326703
0.00346056
0.00395039
0.00391465
0.00396391
0.00407466
0.00394108
0.00413428
0.00391718
0.00427161
0.00384852
0.00398034
0.00385207
0.00373897
0.00364227
0.00361051
0.00364895
0.00356604
0.00375216
0.00367799
0.00381088
0.00366546
0.00365983
0.00366962
0.00369641
0.00359156
0.00366959
0.00369757
0.00364156
0.00371030
0.00373422
0.00363952
0.00368612
0.00381382
0.00370683
0.00376807
0.00382604
0.00368351
0.00369108
0.00365798
0.00365554
0.00360754
0.00370175
0.00364096
0.00378086
0.00373243
0.00375155
0.00369214
0.00362593
0.00365918
0.00362751
0.00362071
0.00362258
0.00368576
0.00368835
0.00369916
0.00358516
0.00369242
0.00360366
0.00365447
0.00365347
0.00366223
0.00369269
0.00373030
0.00367798
0.00371738
0.00366535
0.00366241
0.00362018
0.00361659
0.00359175
0.00353637
0.00341868
0.00354341
0.00348626
0.00348239
0.00358269
0.00349475
0.00352761
0.00362770
0.00354557
0.00359753
0.00361322
0.00364978
0.00366379
0.00369357
0.00350967
0.00361766
0.00359400
0.00355402
0.00369753
0.00368197
0.00374885
0.00381990
0.00382541
0.00378632
0.00392127
0.00370851
0.00384044
0.00376860
0.00374849
0.00375389
0.00373856
0.00367551
0.00366007
0.00366163
0.00362556
0.00363328
0.00366002
0.00372338
0.00373633
0.00381041
0.00378250
0.00380583
0.00382167
0.00375581
0.00370409
0.00362177
0.00363636
0.00366074
0.00347996
0.00363361
0.00365092
0.00364858
0.00367977
0.00370116
0.00375754
0.00374652
0.00373828
0.00368966
0.00374088
0.00367677
0.00366858
0.00365516
0.00367269
0.00364746
0.00366280
0.00365717
0.00364235
0.00360914
0.00357404
0.00361538
0.00356505
0.00358987
0.00360325
0.00367166
0.00366916
0.00372244
0.00368933
0.00372511
0.00369965
0.00364330
0.00367311
0.00360602
0.00356390
0.00357877
0.00358126
0.00344509
0.00341066
0.00359324
0.00349556
0.00352295
0.00362317
0.00366613
0.00372565
0.00374005
0.00374927
0.00374080
0.00371200
0.00367896
0.00365871
0.00363320
0.00349542
0.00354061
0.00357929
0.00347568
0.00358848
0.00365388
0.00362031
0.00369367
0.00371954
0.00372340
0.00373854
0.00372610
0.00373971
0.00371069
0.00371485
0.00369462
0.00364045
0.00366312
0.00359461
0.00362122
0.00354928
0.00360639
0.00359179
0.00362422
0.00360648
0.00367574
0.00364631
0.00368518
0.00368111
0.00370339
0.00370304
0.00369629
0.00378880
0.00374952
0.00375548
0.00374715
0.00373890
0.00372843
0.00370432
0.00368832
0.00368474
0.00366484
0.00368240
0.00367355
0.00363016
0.00362873
0.00362493
0.00361196
0.00358059
0.00360891
0.00355417
0.00361721
0.00358044
0.00356579
0.00359010
0.00360473
0.00363651
0.00364338
0.00369793
0.00370745
0.00371177
0.00372908
0.00371722
0.00366104
0.00367573
0.00361255
0.00365182
0.00360057
0.00363377
0.00366350
0.00364346
0.00367290
0.00370783
0.00367300
0.00370650
0.00366420
0.00368508
0.00366285
0.00366278
0.00365233
0.00363037
0.00363046
0.00361466
0.00359404
0.00354308
0.00344309
0.00328179
0.00350414
0.00344557
0.00340162
0.00356664
0.00365999
0.00364031
0.00381252
0.00375208
0.00377181
0.00380500
0.00378518
0.00373098
0.00376268
0.00368991
0.00372858
0.00370971
0.00366110
0.00367508
0.00366804
0.00360961
0.00355141
0.00354101
0.00360797
0.00354291
0.00361102
0.00367153
0.00365523
0.00371285
0.00370395
0.00369675
0.00371405
0.00365165
0.00367901
0.00366335
0.00364687
0.00365180
0.00361428
0.00365612
