-0.00026368
-0.00173453
0.00287750
-0.00109385
0.00190332
0.00007786
-0.00007690
0.00064269
-0.00016633
0.00379236
-0.00036715
-0.00339932
0.00239243
-0.00005309
-0.00141656
0.00096113
0.00020468
0.00061191
0.00208383
-0.00163938
0.00272360
-0.00047157
-0.00164811
0.00046723
-0.00490572
0.00411090
0.00037992
0.00215408
-0.00175023
0.00240226
-0.00050829
0.00026850
0.00255360
-0.00227333
0.00074273
0.00034790
0.00029990
0.00035518
0.00093901
0.00023229
0.00030398
0.00172453
-0.00108556
0.00152075
0.00000431
-0.00300753
-0.00129586
0.00335215
-0.00075306
0.00268307
-0.00121363
-0.00001629
0.00116535
-0.00036764
0.00052649
0.00139765
0.00004249
0.00097135
-0.00044352
-0.00050047
0.00209896
-0.00144053
0.00175090
-0.00072175
0.00068004
0.00102088
-0.00109235
0.00150540
-0.00026943
-0.00034969
0.00167117
-0.00045015
-0.00067641
-0.00031257
0.00126019
0.00126578
-0.00022134
-0.00093472
0.00096774
0.00007381
0.00042612
0.00011690
0.00065671
0.00038788
0.00069693
0.00031249
-0.00073822
-0.00014290
0.00044470
0.00066687
0.00043614
-0.00104331
0.00215107
-0.00071955
0.00075097
0.00038587
-0.00023420
0.00070970
-0.00052402
0.00054920
0.00214413
-0.00077682
0.00138479
-0.00015132
0.00045598
0.00039256
0.00019924
-0.00019957
0.00030600
-0.00006358
0.00036285
0.00086404
-0.00031227
0.00081480
-0.00010833
-0.00008764
0.00042333
0.00038096
0.00020422
0.00062084
0.00000399
0.00036873
0.00056759
0.00033216
-0.00026280
0.00084171
0.00210777
0.00005079
-0.00033084
0.00093763
-0.00024615
0.00019640
-0.00036638
-0.00047900
0.00061585
0.00120173
-0.00009161
0.00077245
0.00045650
0.00102487
-0.00048080
0.00028405
0.00082016
-0.00045277
0.00097845
0.00014719
0.00049523
-0.00020789
0.00044718
-0.00111091
0.00051816
0.00015840
0.00105438
0.00021504
0.00061920
0.00058464
0.00050148
-0.00006872
0.00002479
0.00064212
0.00027415
0.00054683
-0.00010742
0.00033358
0.00054161
0.00031824
-0.00016318
0.00083330
0.00014932
0.00044458
0.00025395
0.00026906
0.00058515
-0.00007536
0.00036511
0.00049908
0.00026572
0.00081964
0.00103390
-0.00007704
0.00021671
0.00016760
0.00029505
0.00029533
0.00014605
0.00007343
0.00034228
-0.00037460
0.00046937
0.00039935
-0.00005743
0.00034880
0.00056825
0.00060525
0.00032812
0.00012060
-0.00013217
-0.00021593
0.00063381
0.00058323
0.00102401
0.00075745
0.00021642
-0.00020508
-0.00041154
0.00067259
0.00045858
0.00051320
0.00062783
-0.00027370
0.00055759
0.00147336
-0.00046596
0.00078166
0.00003070
0.00007242
0.00014888
0.00089514
0.00015780
0.00079177
-0.00016207
0.00115722
-0.00029412
0.00065799
-0.00037479
0.00056897
-0.00004027
0.00028367
-0.00005212
0.00035090
-0.00034030
0.00061348
0.00098653
0.00008184
0.00044236
0.00012225
0.00032018
0.00096321
0.00002600
0.00055917
0.00052800
-0.00015584
0.00062075
-0.00038302
0.00044857
-0.00005881
0.00009915
0.00020299
-0.00022696
0.00110661
0.00000484
0.00049837
0.00036782
0.00038703
0.00039040
-0.00006492
0.00029197
0.00061674
0.00015648
0.00058834
0.00060386
0.00020948
0.00029755
0.00001585
0.00020879
0.00098534
0.00021207
0.00022829
0.00026710
0.00034836
0.00025973
0.00055694
0.00022701
-0.00020941
0.00034358
-0.00002618
0.00016719
0.00039821
0.00027931
0.00018588
0.00044449
0.00038604
0.00031403
0.00023301
0.00014763
0.00010654
0.00093184
0.00002944
0.00043941
0.00070184
0.00049985
0.00030883
0.00017864
0.00026760
-0.00002912
0.00000709
0.00018439
0.00037740
0.00085609
0.00034031
0.00103971
-0.00005914
0.00026009
0.00046661
0.00000936
0.00026840
0.00025977
-0.00045168
0.00036938
0.00050516
0.00036206
0.00041010
-0.00002973
0.00037941
0.00046246
0.00010437
0.00012580
0.00031948
0.00016067
0.00014220
0.00044739
0.00056434
0.00044480
0.00029045
0.00029518
0.00024237
0.00025988
0.00033784
0.00034651
0.00065170
0.00047512
0.00009559
0.00006418
0.00063609
0.00025487
0.00056228
0.00016698
0.00058045
0.00003868
0.00008568
0.00050148
0.00014637
0.00005861
0.00035466
0.00020198
0.00031897
0.00044516
0.00057357
0.00057425
0.00047620
0.00015315
0.00043191
0.00016920
0.00028640
0.00043925
0.00022988
0.00008318
0.00019282
0.00011373
0.00041988
0.00018398
0.00024019
0.00025120
0.00021286
0.00038198
-0.00049576
-0.00004657
0.00055191
0.00019582
0.00063418
0.00005522
-0.00004056
0.00090067
-0.00026569
0.00105299
0.00015740
0.00021482
0.00041904
0.00010791
0.00033785
0.00010274
0.00069040
0.00035372
0.00061560
0.00040412
0.00005622
0.00033054
0.00011525
0.00023796
0.00060965
0.00001077
-0.00009887
-0.00045821
0.00024559
0.00050969
0.00032505
0.00049894
0.00005172
0.00036943
0.00030911
0.00047076
0.00119427
0.00047530
0.00058986
0.00021365
0.00078887
0.00012449
-0.00005218
-0.00006568
0.00033832
0.00007624
0.00015240
0.00038333
0.00046401
0.00062565
0.00036235
0.00026892
0.00060502
0.00069557
-0.00031818
0.00010066
0.00033861
0.00027893
-0.00007387
0.00063023
0.00030500
0.00008905
0.00037944
0.00012647
0.00037660
0.00030340
0.00016828
0.00033643
0.00064388
0.00044163
0.00030119
0.00047693
0.00039516
0.00018589
0.00000329
0.00024544
0.00028574
0.00020092
0.00023192
0.00027657
0.00028992
0.00037445
0.00039974
0.00041911
0.00000289
0.00037884
-0.00015849
0.00043552
-0.00014390
0.00047445
0.00043741
0.00078592
0.00029729
0.00042131
0.00016775
0.00041597
0.00038779
0.00017078
0.00017312
0.00037101
0.00025263
0.00042707
0.00041905
0.00033966
0.00020531
0.00023228
0.00020786
0.00020836
0.00007750
0.00050357
0.00014771
0.00038242
0.00009336
0.00040132
0.00039643
0.00061323
-0.00001872
0.00051741
0.00094989
0.00041184
0.00062549
-0.00020601
0.00040662
-0.00006215
0.00033578
0.00010507
0.00023691
0.00011171
0.00028069
0.00037996
0.00025105
0.00024515
0.00024310
0.00029958
0.00027940
0.00038570
-0.00024293
0.00058211
0.00038743
-0.00018574
0.00038716
0.00023067
0.00018434
-0.00041575
0.00036902
-0.00020868
0.00086618
0.00108989
0.00034894
0.00042343
-0.00012890
0.00029735
0.00035189
-0.00051880
0.00015153
0.00059290
0.00070448
0.00074621
0.00067803
0.00029483
0.00025722
0.00099000
0.00015301
0.00057830
-0.00081918
0.00072378
0.00007036
0.00042780
0.00027411
-0.00054986
-0.00011778
0.00080698
0.00015113
0.00034930
0.00092904
0.00036693
0.00044942
0.00000064
0.00040433
0.00033455
-0.00059091
0.00044289
0.00059722
0.00038254
0.00037532
0.00030594
-0.00000975
0.00022638
0.00007812
0.00065631
0.00000982
0.00075451
0.00091796
0.00020184
0.00014931
0.00059702
0.00073657
0.00033709
0.00051230
0.00019893
0.00051855
-0.00041509
-0.00010745
-0.00009876
0.00020434
0.00061574
0.00034134
0.00082639
0.00015506
0.00032088
-0.00012621
0.00031073
0.00048205
0.00048665
0.00028219
0.00049723
0.00027756
0.00031375
0.00028659
0.00036789
0.00020617
0.00037549
0.00053191
0.00047161
0.00036700
0.00016320
0.00050060
0.00001299
0.00030653
0.00025460
-0.00082839
0.00043975
0.00035623
0.00042447
0.00045770
-0.00004007
0.00045710
0.00030488
0.00042669
0.00068130
0.00010533
0.00037134
0.00008886
-0.00027293
0.00041555
0.00019398
0.00007609
0.00087250
0.00033344
0.00039714
0.00096408
0.00033468
0.00029572
0.00022408
-0.00027462
0.00035422
0.00031595
0.00046816
0.00017618
0.00029349
0.00033146
0.00013310
0.00027907
0.00036058
0.00062798
0.00059359
-0.00001977
0.00013273
0.00056343
0.00032463
0.00027257
0.00038660
0.00054656
0.00065264
-0.00024030
0.00025548
0.00068641
0.00020398
0.00075826
-0.00031213
0.00046341
0.00015094
0.00011130
-0.00034656
0.00063980
0.00033969
0.00011827
0.00040690
0.00071743
0.00041597
0.00031946
0.00055341
0.00004391
0.00043579
0.00036806
0.00026295
0.00019701
0.00037941
0.00045471
0.00039113
0.00063500
0.00008689
0.00076993
0.00053316
0.00024529
0.00015220
0.00022096
0.00040662
0.00017012
0.00014687
-0.00021046
0.00041822
0.00032980
0.00011481
0.00058923
0.00031831
0.00049248
0.00003802
0.00004850
0.00016378
0.00032721
0.00041024
0.00036339
0.00035670
0.00036716
0.00036372
0.00032984
0.00032218
0.00038348
0.00009426
0.00043450
0.00015183
0.00028197
0.00033611
-0.00024439
0.00018985
0.00053308
0.00066070
0.00039199
0.00020005
0.00053961
0.00040746
0.00048968
0.00025411
0.00006837
0.00030248
0.00055120
-0.00016047
0.00080198
0.00031900
0.00024994
-0.00008982
0.00059430
0.00015428
0.00018695
0.00043581
-0.00007977
0.00033729
0.00021952
0.00026752
0.00036136
0.00011648
0.00047559
0.00037031
0.00041555
0.00036381
0.00033785
0.00025622
-0.00015101
0.00029925
0.00030889
0.00057061
0.00024252
0.00056268
0.00034547
0.00009236
0.00037175
-0.00042327
0.00045784
-0.00016396
0.00006658
0.00051451
0.00008002
0.00072345
0.00040908
-0.00004923
0.00062958
0.00056675
0.00063558
-0.00004070
0.00029628
0.00022173
0.00037927
0.00031602
0.00016700
-0.00000441
0.00027789
0.00030464
0.00076879
-0.00006236
0.00097687
-0.00031466
0.00039506
0.00030818
0.00019462
0.00021491
0.00036374
-0.00014025
0.00086812
-0.00037247
0.00048091
0.00053962
0.00121629
0.00013605
0.00029314
0.00066420
-0.00004008
0.00025465
0.00025369
-0.00038499
0.00072579
0.00054564
0.00043096
0.00115407
-0.00096738
0.00164127
0.00006340
-0.00013304
0.00001667
0.00027737
0.00040232
-0.00068087
0.00065593
0.00027827
0.00027261
0.00037888
0.00038876
0.00037044
0.00036653
0.00068506
0.00058918
0.00024861
0.00028088
-0.00023372
0.00062215
0.00041814
0.00026976
0.00019035
0.00022726
0.00151301
-0.00004691
-0.00018367
0.00101854
-0.00021017
0.00002062
0.00038451
0.00025740
0.00015381
0.00026140
0.00020158
0.00024625
0.00066560
0.00031927
0.00030771
-0.00078470
0.00000772
0.00090250
0.00041669
0.00017765
0.00069202
0.00048509
0.00032061
0.00052464
0.00000912
0.00033695
0.00084743
-0.00001888
0.00015210
0.00025689
0.00052665
0.00085547
-0.00038959
0.00017885
0.00027940
0.00031880
0.00062305
0.00010040
0.00032693
0.00038194
0.00029688
-0.00016633
0.00048083
0.00053740
0.00003463
0.00036895
-0.00003469
0.00038241
-0.00047360
-0.00028249
-0.00022678
0.00064395
0.00022428
0.00069793
0.00062317
0.00017465
0.00043175
-0.00035690
0.00055098
0.00061147
0.00076572
0.00037701
0.00015363
-0.00010564
0.00011566
0.00037478
0.00007173
0.00046927
0.00111035
0.00016599
0.00034843
0.00085772
0.00031683
-0.00020138
0.00048275
0.00006961
0.00012796
0.00052335
0.00057714
0.00025133
0.00053404
0.00022576
-0.00011297
0.00039639
0.00025140
0.00035420
-0.00008048
0.00052581
0.00031706
0.00008064
0.00057833
0.00031355
0.00043621
0.00005762
0.00001335
0.00038719
-0.00093854
0.00000390
0.00076854
0.00026833
0.00054819
0.00049377
-0.00092457
0.00188148
-0.00041986
0.00232284
0.00043914
0.00128133
-0.00150055
0.00033233
0.00085746
0.00018834
0.00019732
0.00011747
-0.00036730
-0.00028321
0.00028123
0.00089248
0.00042225
0.00036332
0.00081982
0.00064263
-0.00057909
0.00048902
-0.00018737
0.00071660
0.00030136
-0.00041610
-0.00050810
0.00088656
0.00042973
0.00021878
0.00014463
0.00011496
0.00158001
0.00075089
-0.00047132
0.00053991
0.00027871
-0.00100174
0.00072332
0.00078653
0.00076492
-0.00002417
0.00052691
0.00058105
0.00116433
0.00010187
-0.00037809
0.00156882
0.00000496
0.00004695
0.00118805
-0.00166453
-0.00010184
0.00066689
0.00051909
0.00007929
0.00092888
0.00002225
-0.00061034
0.00087389
-0.00021644
0.00047800
0.00024797
0.00035278
0.00019951
0.00044523
0.00019470
0.00036414
0.00115903
0.00025554
-0.00000826
0.00049610
0.00096117
-0.00009307
0.00041760
-0.00017688
0.00038882
0.00033379
0.00044692
0.00055121
0.00068595
-0.00053385
0.00078386
0.00014639
0.00075807
0.00025731
0.00021973
0.00027075
0.00023063
-0.00059356
0.00070488
0.00029626
0.00007594
0.00042993
-0.00001448
0.00041944
0.00034707
0.00080130
0.00008518
0.00035879
0.00054640
0.00019117
0.00062755
-0.00012013
0.00078449
0.00085771
-0.00057278
0.00033411
0.00115797
0.00137892
-0.00067972
0.00082657
-0.00037589
0.00126848
0.00067609
0.00050689
-0.00007843
0.00023906
0.00193872
-0.00167310
0.00029097
-0.00029279
-0.00035655
-0.00117220
0.00153331
0.00047898
0.00028300
0.00119767
-0.00026410
-0.00033305
0.00059861
-0.00026604
-0.00054201
0.00071627
0.00190742
-0.00038157
0.00106319
0.00047404
0.00021900
0.00063629
-0.00028567
0.00002773
0.00019103
0.00036728
0.00023411
0.00021419
0.00008708
0.00029920
0.00052278
0.00045187
0.00034723
-0.00073615
0.00063980
-0.00021954
0.00036587
0.00033793
0.00125899
-0.00019221
0.00131039
0.00004861
0.00005805
0.00034528
0.00123912
0.00031330
-0.00027870
0.00054811
-0.00005511
-0.00000449
0.00061049
-0.00013912
0.00036491
-0.00010525
0.00070499
0.00045823
0.00025861
-0.00046036
0.00121362
0.00190910
0.00087889
-0.00163111
0.00004689
0.00079471
-0.00001876
0.00060458
0.00023484
-0.00067206
0.00098559
0.00017723
0.00098554
-0.00003597
0.00019091
0.00000112
0.00035871
0.00017563
0.00068995
0.00029707
0.00013881
0.00034480
0.00050187
0.00003396
0.00035290
