-0.00243294
-0.00396121
-0.00201688
-0.00235209
-0.00347471
-0.00211401
-0.00307944
-0.00250153
-0.00324024
-0.00246628
-0.00294563
-0.00180849
-0.00297943
-0.00279158
-0.00175071
-0.00346652
-0.00279191
-0.00272026
-0.00247962
-0.00203130
-0.00315748
-0.00233719
-0.00192454
-0.00309244
-0.00396901
-0.00396590
-0.00217620
-0.00287403
-0.00286987
-0.00347181
-0.00282128
-0.00341050
-0.00312905
-0.00307706
-0.00273988
-0.00351262
-0.00300606
-0.00272172
-0.00274816
-0.00310544
-0.00233983
-0.00254311
-0.00261325
-0.00313607
-0.00223182
-0.00319372
-0.00333930
-0.00385600
-0.00235972
-0.00330704
-0.00232366
-0.00356422
-0.00331460
-0.00311943
-0.00327644
-0.00318745
-0.00271931
-0.00315501
-0.00275345
-0.00295094
-0.00320953
-0.00167747
-0.00293760
-0.00298876
-0.00256896
-0.00244489
-0.00286005
-0.00271469
-0.00220037
-0.00280820
-0.00290418
-0.00264896
-0.00271407
-0.00359096
-0.00277196
-0.00265262
-0.00221807
-0.00312877
-0.00315389
-0.00278333
-0.00278905
-0.00302482
-0.00309631
-0.00240490
-0.00297436
-0.00281884
-0.00318754
-0.00295735
-0.00308800
-0.00301510
-0.00283746
-0.00290141
-0.00361013
-0.00233682
-0.00283137
-0.00311342
-0.00317913
-0.00362749
-0.00248618
-0.00338855
-0.00242668
-0.00257844
-0.00338212
-0.00321054
-0.00270307
-0.00249386
-0.00301436
-0.00336085
-0.00332375
-0.00222263
-0.00263275
-0.00300853
-0.00329382
-0.00252770
-0.00309418
-0.00285996
-0.00312317
-0.00277917
-0.00269151
-0.00322303
-0.00268465
-0.00253787
-0.00274622
-0.00296786
-0.00232120
-0.00320694
-0.00258518
-0.00236361
-0.00236624
-0.00313078
-0.00268127
-0.00233363
-0.00306079
-0.00233300
-0.00276527
-0.00257488
-0.00290631
-0.00259805
-0.00237902
-0.00292616
-0.00285894
-0.00271771
-0.00235563
-0.00329802
-0.00311296
-0.00253253
-0.00294678
-0.00257245
-0.00298017
-0.00297405
-0.00289710
-0.00306734
-0.00314327
-0.00272644
-0.00313862
-0.00243777
-0.00325020
-0.00286328
-0.00283451
-0.00290629
-0.00287940
-0.00284511
-0.00264218
-0.00318371
-0.00276642
-0.00278615
-0.00279601
-0.00302915
-0.00275378
-0.00260580
-0.00274563
-0.00284034
-0.00313650
-0.00250663
-0.00287375
-0.00279163
-0.00264521
-0.00269984
-0.00239928
-0.00268223
-0.00251530
-0.00292763
-0.00258796
-0.00336210
-0.00227872
-0.00258482
-0.00296454
-0.00280385
-0.00277438
-0.00290731
-0.00298929
-0.00279871
-0.00305131
-0.00247897
-0.00320324
-0.00308459
-0.00340660
-0.00285105
-0.00307965
-0.00292537
-0.00314371
-0.00270722
-0.00310878
-0.00299309
-0.00336388
-0.00275651
-0.00311946
-0.00307497
-0.00276405
-0.00264169
-0.00281246
-0.00311397
-0.00283448
-0.00220989
-0.00295931
-0.00242782
-0.00281106
-0.00342961
-0.00247695
-0.00218338
-0.00240825
-0.00286768
-0.00261337
-0.00266753
-0.00281494
-0.00305723
-0.00230198
-0.00278273
-0.00317207
-0.00265411
-0.00316429
-0.00307170
-0.00249936
-0.00269206
-0.00317621
-0.00285655
-0.00300604
-0.00315036
-0.00230691
-0.00293469
-0.00290380
-0.00291581
-0.00283567
-0.00244117
-0.00303443
-0.00299854
-0.00315350
-0.00280924
-0.00258951
-0.00317932
-0.00275281
-0.00295992
-0.00312844
-0.00288759
-0.00287192
-0.00289789
-0.00341769
-0.00292028
-0.00301594
-0.00285998
-0.00280611
-0.00323571
-0.00289911
-0.00304348
-0.00312700
-0.00280005
-0.00295371
-0.00337937
-0.00280108
-0.00348042
-0.00277495
-0.00336729
-0.00274469
-0.00289397
-0.00308514
-0.00295126
-0.00375240
-0.00317353
-0.00280927
-0.00276350
-0.00333530
-0.00294410
-0.00269429
-0.00321573
-0.00315496
-0.00297402
-0.00325124
-0.00281392
-0.00303265
-0.00274148
-0.00217275
-0.00256126
-0.00324979
-0.00273970
-0.00297204
-0.00266665
-0.00293002
-0.00259172
-0.00415057
-0.00423987
-0.00200853
-0.00263431
-0.00334164
-0.00343169
-0.00263356
-0.00345257
-0.00319621
-0.00557680
-0.00287490
-0.00224692
-0.00003405
-0.00878166
-0.00040153
-0.00348289
-0.00295912
-0.00321278
-0.00344363
-0.00331217
-0.00331057
-0.00254905
-0.00309141
-0.00407109
-0.00314607
-0.00228816
-0.00270978
-0.00358924
-0.00303020
-0.00336225
-0.00259370
-0.00257548
-0.00289232
-0.00249172
-0.00307952
-0.00287867
-0.00270495
-0.00349958
-0.00212051
-0.00269991
-0.00299501
-0.00298154
-0.00275479
-0.00256707
-0.00307379
-0.00270653
-0.00317500
-0.00272430
-0.00334965
-0.00296807
-0.00283371
-0.00297254
-0.00287178
-0.00301600
-0.00302693
-0.00293615
-0.00351259
-0.00488997
-0.00231370
-0.00239710
-0.00392529
-0.00417709
-0.00268945
-0.00341105
-0.00236723
-0.00297177
-0.00360641
-0.00306171
-0.00326842
-0.00175777
-0.00339899
-0.00299560
-0.00188994
-0.00271101
-0.00405154
-0.00186126
-0.00391968
-0.00181740
-0.00293532
-0.00330056
-0.00293167
-0.00239955
-0.00188156
-0.00337510
-0.00289224
-0.00239609
-0.00165054
-0.00392851
-0.00232792
-0.00159794
-0.00259638
-0.00425757
-0.00243311
-0.00226294
-0.00273834
-0.00291190
-0.00288592
-0.00278611
-0.00286265
-0.00290546
-0.00321348
-0.00253211
-0.00292545
-0.00336906
-0.00276811
-0.00351108
-0.00264072
-0.00321162
-0.00287411
-0.00298576
-0.00305683
-0.00280893
-0.00258988
-0.00337975
-0.00308429
-0.00293184
-0.00252908
-0.00283533
-0.00284814
-0.00310034
-0.00311811
-0.00218505
-0.00298177
-0.00288661
-0.00314276
-0.00262273
-0.00298530
-0.00303224
-0.00272778
-0.00339699
-0.00248463
-0.00292930
-0.00242394
-0.00314737
-0.00241452
-0.00319239
-0.00240835
-0.00285868
-0.00262351
-0.00297329
-0.00256255
-0.00279412
-0.00278961
-0.00274948
-0.00312072
-0.00254601
-0.00264658
-0.00359484
-0.00246076
-0.00302335
-0.00323728
-0.00293630
-0.00287832
-0.00309790
-0.00291348
-0.00259651
-0.00309440
-0.00245617
-0.00292097
-0.00274000
-0.00150789
-0.00297449
-0.00326915
-0.00291427
-0.00216889
-0.00291544
-0.00246739
-0.00292116
-0.00252365
-0.00263634
-0.00242903
-0.00296877
-0.00294857
-0.00259136
-0.00264397
-0.00300139
-0.00216386
-0.00240787
-0.00345258
-0.00178315
-0.00288475
-0.00253300
-0.00302715
-0.00248566
-0.00306889
-0.00268933
-0.00219879
-0.00330280
-0.00285484
-0.00331593
-0.00268981
-0.00307239
-0.00266905
-0.00332536
-0.00294514
-0.00300523
-0.00295039
-0.00250996
-0.00247039
-0.00313470
-0.00314537
-0.00272350
-0.00272580
-0.00262365
-0.00262505
-0.00297984
-0.00254910
-0.00296658
-0.00273208
-0.00267699
-0.00283939
-0.00271291
-0.00205860
-0.00287111
-0.00336085
-0.00234430
-0.00276067
-0.00268751
-0.00300984
-0.00302124
-0.00170176
-0.00298060
-0.00349552
-0.00293474
-0.00311707
-0.00274831
-0.00305618
-0.00299665
-0.00346007
-0.00326548
-0.00347851
-0.00175035
-0.00443924
-0.00247096
-0.00315467
-0.00307380
-0.00281584
-0.00296966
-0.00340527
-0.00266495
-0.00233079
-0.00310829
-0.00264814
-0.00350071
-0.00230532
-0.00287938
-0.00253592
-0.00285853
-0.00343032
-0.00212331
-0.00307508
-0.00280327
-0.00287220
-0.00272606
-0.00229546
-0.00252114
-0.00328967
-0.00217940
-0.00285532
-0.00292236
-0.00249816
-0.00342063
-0.00264042
-0.00280369
-0.00289299
-0.00282267
-0.00230509
-0.00367560
-0.00281737
-0.00284562
-0.00296888
-0.00318831
-0.00318561
-0.00256391
-0.00325678
-0.00279023
-0.00295162
-0.00282566
-0.00322133
-0.00245120
-0.00292075
-0.00330623
-0.00302100
-0.00275026
-0.00298982
-0.00298803
-0.00275573
-0.00306854
-0.00302368
-0.00298966
-0.00233744
-0.00337552
-0.00269528
-0.00284138
-0.00336619
-0.00260648
-0.00285084
-0.00194538
-0.00348173
-0.00251926
-0.00302717
-0.00287844
-0.00293335
-0.00268604
-0.00263986
-0.00248860
-0.00215416
-0.00282977
-0.00289961
-0.00328987
-0.00322168
-0.00310270
-0.00239912
-0.00279817
-0.00347489
-0.00262821
-0.00284315
-0.00302526
-0.00304693
-0.00279879
-0.00377279
-0.00291319
-0.00303209
-0.00223137
-0.00316028
-0.00321540
-0.00255119
-0.00297873
-0.00287878
-0.00273272
-0.00280370
-0.00287467
-0.00277226
-0.00286803
-0.00245637
-0.00297794
-0.00265487
-0.00273447
-0.00261824
-0.00310201
-0.00274032
-0.00255454
-0.00338253
-0.00264774
-0.00315073
-0.00314390
-0.00319108
-0.00254229
-0.00340227
-0.00326919
-0.00284669
-0.00354808
-0.00261378
-0.00285683
-0.00313669
-0.00313480
-0.00220834
-0.00305101
-0.00314951
-0.00246939
-0.00272465
-0.00282791
-0.00270869
-0.00327051
-0.00266266
-0.00273354
-0.00287482
-0.00279070
-0.00277233
-0.00310957
-0.00265273
-0.00289138
-0.00267231
-0.00296816
-0.00243621
-0.00291599
-0.00280436
-0.00255390
-0.00273545
-0.00250576
-0.00294140
-0.00300297
-0.00257001
-0.00268900
-0.00287409
-0.00288732
-0.00242150
-0.00325179
-0.00269456
-0.00286614
-0.00253925
-0.00287305
-0.00188034
-0.00323887
-0.00275005
-0.00271632
-0.00300099
-0.00250791
-0.00247167
-0.00296119
-0.00270841
-0.00288472
-0.00316760
-0.00327939
-0.00220131
-0.00286366
-0.00339869
-0.00269131
-0.00304356
-0.00279877
-0.00295477
-0.00280774
-0.00290723
-0.00299275
-0.00258800
-0.00327678
-0.00226218
-0.00296114
-0.00268020
-0.00294770
-0.00277852
-0.00270453
-0.00310194
-0.00291991
-0.00274379
-0.00252402
-0.00291963
-0.00286986
-0.00276901
-0.00297702
-0.00281274
-0.00287503
-0.00294590
-0.00278291
-0.00298056
-0.00214755
-0.00298776
-0.00342736
-0.00263652
-0.00264071
-0.00260544
-0.00284831
-0.00323443
-0.00262825
-0.00248601
-0.00290968
-0.00332847
-0.00196209
-0.00300455
-0.00296006
-0.00280708
-0.00273643
-0.00252016
-0.00316289
-0.00253955
-0.00315166
-0.00255930
-0.00273817
-0.00290693
-0.00298186
-0.00275472
-0.00276074
-0.00271774
-0.00300124
-0.00250662
-0.00266856
-0.00271643
-0.00315538
-0.00275715
-0.00246219
-0.00273371
-0.00283104
-0.00281464
-0.00197813
-0.00273685
-0.00316201
-0.00228979
-0.00278935
-0.00269364
-0.00375482
-0.00242476
-0.00268751
-0.00338194
-0.00218730
-0.00331353
-0.00295337
-0.00306661
-0.00295965
-0.00307419
-0.00276905
-0.00320861
-0.00309107
-0.00272633
-0.00292319
-0.00264991
-0.00322100
-0.00306237
-0.00268789
-0.00270580
-0.00301781
-0.00312510
-0.00258096
-0.00295112
-0.00261513
-0.00331303
-0.00274337
-0.00246766
-0.00289913
-0.00308145
-0.00245939
-0.00318769
-0.00286096
-0.00249085
-0.00289027
-0.00211398
-0.00177751
-0.00280996
-0.00283536
-0.00227559
-0.00245263
-0.00262704
-0.00260657
-0.00359027
-0.00327675
-0.00259688
-0.00298789
-0.00250352
-0.00316970
-0.00388426
-0.00272473
-0.00327460
-0.00312795
-0.00287795
-0.00278528
-0.00292091
-0.00286635
-0.00252569
-0.00338352
-0.00280657
-0.00253975
-0.00281034
-0.00273858
-0.00297779
-0.00318399
-0.00318079
-0.00310945
-0.00290128
-0.00244130
-0.00291940
-0.00331292
-0.00193001
-0.00325932
-0.00291142
-0.00282237
-0.00269768
-0.00339343
-0.00246477
-0.00327482
-0.00221612
-0.00283550
-0.00292822
-0.00264250
-0.00290830
-0.00292632
-0.00278741
-0.00282450
-0.00301938
-0.00366923
-0.00166997
-0.00339194
-0.00285999
-0.00281157
-0.00304639
-0.00317685
-0.00326081
-0.00194764
-0.00298338
-0.00303340
-0.00337934
-0.00271554
-0.00285676
-0.00325642
-0.00227593
-0.00298896
-0.00352934
-0.00270763
-0.00360134
-0.00211582
-0.00320357
-0.00316103
-0.00348149
-0.00268628
-0.00311752
-0.00325727
-0.00270420
-0.00305334
-0.00273464
-0.00305630
-0.00253735
-0.00366046
-0.00297941
-0.00266132
-0.00325432
-0.00255430
-0.00294690
-0.00271731
-0.00306188
-0.00291279
-0.00308166
-0.00279331
-0.00263998
-0.00277255
-0.00308494
-0.00344798
-0.00316574
-0.00176533
-0.00337058
-0.00288229
-0.00259862
-0.00351018
-0.00184501
-0.00411978
-0.00170386
-0.00390020
-0.00193671
-0.00299624
-0.00283797
-0.00296636
-0.00275850
-0.00284555
-0.00302421
-0.00267474
-0.00340243
-0.00301077
-0.00225576
-0.00307600
-0.00252716
-0.00203712
-0.00380341
-0.00251358
-0.00306538
-0.00242874
-0.00291849
-0.00278336
-0.00171845
-0.00318158
-0.00275365
-0.00166406
-0.00317145
-0.00292014
-0.00234339
-0.00274234
-0.00236492
-0.00289947
-0.00262828
-0.00282557
-0.00310229
-0.00185794
-0.00346847
-0.00210062
-0.00300410
-0.00272494
-0.00389639
-0.00247028
-0.00257323
-0.00228401
-0.00307552
-0.00343387
-0.00226767
-0.00294779
-0.00364991
-0.00279524
-0.00304758
-0.00292054
-0.00279299
-0.00293176
-0.00288965
-0.00318326
-0.00230445
-0.00313266
-0.00294949
-0.00304644
-0.00229619
-0.00288996
-0.00277592
-0.00226412
-0.00295150
-0.00272601
-0.00247086
-0.00235917
-0.00305130
-0.00285873
-0.00313300
-0.00264846
-0.00282133
-0.00288796
-0.00292285
-0.00305749
-0.00275056
-0.00282387
-0.00282580
-0.00305492
-0.00251283
-0.00250339
-0.00297819
-0.00286102
-0.00178169
-0.00285794
-0.00388855
-0.00226805
-0.00269952
-0.00288104
-0.00249198
-0.00290602
-0.00307648
-0.00285692
-0.00266773
-0.00297087
-0.00292748
-0.00305271
-0.00287667
-0.00281125
-0.00239068
-0.00287300
-0.00264734
-0.00288559
-0.00292689
-0.00301883
-0.00212023
-0.00271872
-0.00317635
-0.00291216
-0.00230640
-0.00258772
-0.00223289
-0.00292559
-0.00272812
-0.00179993
-0.00374172
-0.00253306
-0.00282082
-0.00298307
-0.00309455
-0.00222258
-0.00267535
-0.00323595
-0.00248123
-0.00329310
-0.00324675
-0.00271316
-0.00261687
-0.00368961
-0.00236529
-0.00259367
-0.00321877
-0.00259074
-0.00266662
-0.00335515
-0.00276947
-0.00294995
-0.00278216
-0.00298433
-0.00309280
-0.00293237
-0.00318136
-0.00278020
-0.00381074
-0.00336276
-0.00271112
-0.00312663
-0.00356720
-0.00290169
-0.00283145
-0.00316762
-0.00295195
-0.00341958
-0.00286228
-0.00289337
-0.00291807
-0.00274141
-0.00320783
-0.00181720
-0.00281756
-0.00345699
-0.00275347
-0.00274229
-0.00283107
-0.00257300
-0.00283088
-0.00351189
-0.00259390
-0.00255412
-0.00292463
-0.00286593
-0.00326636
-0.00313433
-0.00216651
-0.00252889
-0.00337452
-0.00351101
-0.00275467
-0.00234503
-0.00295195
-0.00293605
-0.00310212
-0.00229947
-0.00254952
-0.00295519
-0.00326800
-0.00270490
-0.00271969
-0.00254967
-0.00246226
-0.00289889
-0.00296123
-0.00271502
-0.00296140
-0.00277707
-0.00276026
