-0.00468906
-0.00656594
-0.00492639
-0.00439074
-0.00612513
-0.00428102
-0.00507681
-0.00372824
-0.00399674
-0.00519126
-0.00496336
-0.00249662
-0.00363131
-0.00408431
-0.00271688
-0.00502434
-0.00496333
-0.00584855
-0.00479253
-0.00300854
-0.00562351
-0.00424310
-0.00467732
-0.00470025
-0.00618897
-0.00908381
-0.00712702
-0.00643367
-0.00439414
-0.00524841
-0.00549810
-0.00544601
-0.00455204
-0.00367796
-0.00350340
-0.00488140
-0.00509693
-0.00344861
-0.00424897
-0.00482167
0.00101542
-0.00091656
-0.00182793
-0.00390833
-0.00404174
-0.00657772
-0.00907780
-0.00894601
-0.00557842
-0.00596712
-0.00379834
-0.00598911
-0.00629409
-0.00629949
-0.00644768
-0.00447894
-0.00387058
-0.00312489
-0.00355570
-0.00456608
-0.00570165
-0.00753788
-0.00644066
-0.00432921
-0.00480620
-0.00460894
-0.00384630
-0.00617670
-0.00467026
-0.00326656
-0.00405341
0.00025640
-0.00318908
-0.00469296
-0.00663189
-0.00637725
-0.00554284
-0.00570399
-0.00586610
-0.00506808
-0.00337595
-0.00736652
-0.00585771
-0.00354379
-0.00452096
-0.00465772
-0.00401265
-0.00411569
-0.00516310
-0.00596961
-0.00542063
-0.00480884
-0.00613321
-0.00433072
-0.00483163
-0.00483336
-0.00233733
-0.00524861
-0.00524101
-0.00497646
-0.00526238
-0.00347349
-0.00369675
-0.00417329
-0.00480312
-0.00478113
-0.00475379
-0.00467257
-0.00512972
-0.00551936
-0.00480453
-0.00482608
-0.00517001
-0.00422942
-0.00508142
-0.00510531
-0.00513221
-0.00499443
-0.00437113
-0.00410124
-0.00442839
-0.00583880
-0.00420938
-0.00451373
-0.00482670
-0.00615736
-0.00573844
-0.00517979
-0.00522023
-0.00485121
-0.00405125
-0.00467388
-0.00577161
-0.00410634
-0.00459767
-0.00392321
-0.00574209
-0.00687061
-0.00567991
-0.00498495
-0.00490630
-0.00490642
-0.00385476
-0.00587156
-0.00558745
-0.00522882
-0.00497811
-0.00471195
-0.00473680
-0.00533865
-0.00510020
-0.00468259
-0.00591736
0.00126393
-0.00161548
-0.00248926
-0.00384025
-0.00428750
-0.00236399
-0.00454544
-0.00447042
-0.00418442
-0.00411341
-0.00489366
-0.00477809
-0.00475278
-0.00481532
-0.00481585
-0.00478198
-0.00445858
-0.00450890
-0.00362567
-0.00537235
-0.00392523
-0.00424961
-0.00590325
-0.00464075
-0.00480210
-0.00446650
-0.00240279
-0.00470074
-0.00327129
-0.00451432
-0.00483122
-0.00417623
-0.00510810
-0.00488522
-0.00514951
-0.00447849
-0.00429112
-0.00494181
-0.00598087
-0.00546160
-0.00478705
-0.00409918
-0.00540329
-0.00532895
-0.00614824
-0.00593543
-0.00520250
-0.00495456
-0.00364345
-0.00423371
-0.00522947
-0.00538214
-0.00416841
-0.00559269
-0.00516447
-0.00419927
-0.00518093
-0.00499231
-0.00466615
-0.00366060
-0.00398450
-0.00437958
-0.00347681
-0.00424623
-0.00566251
-0.00519118
-0.00398349
-0.00409359
-0.00420215
-0.00349810
-0.00217886
-0.00481578
-0.00698792
-0.00497165
-0.00467632
-0.00386157
-0.00429105
-0.00584888
-0.00634705
-0.00577103
-0.00461607
-0.00529127
-0.00659442
-0.00599086
-0.00443124
-0.00291781
-0.00562280
-0.00495800
-0.00447483
-0.00568105
-0.00439811
-0.00578158
-0.00446920
-0.00382771
-0.00544696
-0.00506514
-0.00529397
-0.00501683
-0.00529604
-0.00583314
-0.00538184
-0.00995649
-0.00651894
-0.00615781
-0.00582980
-0.00617098
-0.00601944
-0.00482314
-0.00245566
-0.00365485
-0.00551901
-0.00318944
-0.00358479
-0.00410055
-0.00372034
-0.00415402
-0.00372410
-0.00414457
-0.00357235
-0.00366866
-0.00500268
-0.00479252
-0.00507473
-0.00573833
-0.00451509
-0.00585543
-0.00474431
-0.00482696
-0.00482728
-0.00499735
-0.00472628
-0.00677528
-0.00592066
-0.00492985
-0.00586957
-0.00480566
-0.00529166
-0.00277971
-0.00466195
-0.00296437
-0.00506189
-0.00299025
-0.00515711
-0.00428923
-0.00448927
-0.00378222
-0.00470442
-0.00423334
-0.00431377
-0.00448253
-0.00443614
-0.00461771
-0.00465457
-0.00468347
-0.00553531
-0.00407127
-0.00537992
-0.00455160
-0.00491626
-0.00633112
-0.00519852
-0.00484566
-0.00516856
-0.00533440
-0.00522196
-0.00504722
-0.00511923
-0.00500888
-0.00551163
-0.00579672
-0.00407502
-0.00570949
-0.00539105
-0.00503846
-0.00459290
-0.00335803
-0.00512091
-0.00458141
-0.00460077
-0.00392035
-0.00651970
-0.00567193
-0.00266246
-0.00501571
-0.00456896
-0.00411531
-0.00390671
-0.00521352
-0.00542771
-0.00534253
-0.00489227
-0.00496306
-0.00349992
-0.00492166
-0.00470901
-0.00562291
-0.00421251
-0.00286848
-0.00517856
-0.00492040
-0.00388295
-0.00424985
-0.00382388
-0.00386130
-0.00711266
-0.00621439
-0.00602029
-0.00552202
-0.00519300
-0.00519536
-0.00484876
-0.00450491
-0.00536120
-0.00650906
-0.00681081
-0.00497767
-0.00410467
-0.00551663
-0.00619181
-0.00747076
-0.00561629
-0.00581094
-0.00436301
-0.00473282
-0.00512778
-0.00486095
-0.00499501
-0.00523705
-0.00538331
-0.00515068
-0.00486227
-0.00367115
-0.00578650
-0.00529803
-0.00577115
-0.00421425
-0.00494637
-0.00384328
-0.00632798
-0.00615596
-0.00528063
-0.00424234
-0.00575688
-0.00588673
-0.00642016
-0.00638395
-0.00305026
-0.00399449
-0.00419276
-0.00542346
-0.00333513
-0.00392784
-0.00530951
-0.00501273
-0.00396604
-0.00435036
-0.00566562
-0.00518551
-0.00513668
-0.00551682
-0.00316536
-0.00489774
-0.00386654
-0.00622686
-0.00504837
-0.00481532
-0.00344935
-0.00574981
-0.00376308
-0.00411985
-0.00445516
-0.00567519
-0.00444841
-0.00564311
-0.00370165
-0.00388655
-0.00502671
-0.00515246
-0.00490137
-0.00612225
-0.00556453
-0.00487997
-0.00489650
-0.00410115
-0.00313654
-0.00378523
-0.00557050
-0.00347676
-0.00425906
-0.00622266
-0.00588456
-0.00566554
-0.00423886
-0.00544963
-0.00385804
-0.00561099
-0.00519527
-0.00503971
-0.00558987
-0.00524869
-0.00596222
-0.00678143
-0.00468314
-0.00398476
-0.00479964
-0.00451100
-0.00369918
-0.00487293
-0.00425982
-0.00485670
-0.00621311
-0.00550943
-0.00398989
-0.00464851
-0.00499827
-0.00497817
-0.00412025
-0.00537514
-0.00521522
-0.00487236
-0.00460852
-0.00445364
-0.00527348
-0.00419760
-0.00501304
-0.00489629
-0.00532551
-0.00397999
-0.00439415
-0.00533442
-0.00370459
-0.00435694
-0.00315229
-0.00496333
-0.00410363
-0.00560135
-0.00552260
-0.00549784
-0.00631846
-0.00514490
-0.00592493
-0.00425376
-0.00521411
-0.00402486
-0.00404938
-0.00546574
-0.00534511
-0.00511082
-0.00591165
-0.00428199
-0.00453919
-0.00490747
-0.00509991
-0.00483758
-0.00567960
-0.00760379
-0.00778075
-0.00682259
-0.00626986
-0.00421483
-0.00468635
-0.00482259
-0.00532119
-0.00157801
-0.00432296
-0.00441819
-0.00585386
-0.00523499
-0.00491522
-0.00559533
-0.00455269
-0.00612511
-0.00491363
-0.00354574
-0.00343104
-0.00382855
-0.00386038
-0.00572575
-0.00474942
-0.00407305
-0.00503752
-0.00497028
-0.00695723
-0.00643215
-0.00537708
-0.00600817
-0.00538862
-0.00447626
-0.00326423
-0.00475051
-0.00463280
-0.00414913
-0.00450723
-0.00590733
-0.00462116
-0.00431330
-0.00484015
-0.00480197
-0.00698858
-0.00461490
-0.00550193
-0.00542713
-0.00563232
-0.00513406
-0.00542445
-0.00433130
-0.00428613
-0.00514253
-0.00357556
-0.00440968
-0.00476483
-0.00461631
-0.00493325
-0.00385268
-0.00594837
-0.00387052
-0.00533974
-0.00595216
-0.00435498
-0.00553079
-0.00448275
-0.00466284
-0.00607486
-0.00557435
-0.00510344
-0.00356082
-0.00459122
-0.00414152
-0.00540603
-0.00434189
-0.00454743
-0.00427938
-0.00488893
-0.00408801
-0.00522303
-0.00486841
-0.00425870
-0.00484186
-0.00451293
-0.00367974
-0.00345518
-0.00406643
-0.00491779
-0.00526248
-0.00510096
-0.00510719
-0.00488333
-0.00501821
-0.00491763
-0.00669194
-0.00437097
-0.00534884
-0.00436211
-0.00460840
-0.00517237
-0.00531370
-0.00617898
-0.00532524
-0.00586297
-0.00579873
-0.00486163
-0.00549083
-0.00365188
-0.00523082
-0.00477139
-0.00472966
-0.00642975
-0.00598479
-0.00499898
-0.00486428
-0.00501208
-0.00439065
-0.00461706
-0.00435618
-0.00413070
-0.00511590
-0.00470612
-0.00550535
-0.00503061
-0.00435889
-0.00550739
-0.00419974
-0.00435886
-0.00494360
-0.00419448
-0.00403548
-0.00413067
-0.00487537
-0.00374197
-0.00373529
-0.00372588
-0.00406401
-0.00420442
-0.00474827
-0.00615010
-0.00868199
-0.00736653
-0.00528341
-0.00511684
-0.00509930
-0.00488348
-0.00356199
-0.00365821
-0.00400502
-0.00556863
-0.00483938
-0.00482766
-0.00481962
-0.00347161
-0.00491627
-0.00135130
-0.00520869
-0.00578089
-0.00484840
-0.00339742
-0.00460140
-0.00406296
-0.00478248
-0.00481004
-0.00354753
-0.00410552
-0.00555445
-0.00541721
-0.00393025
-0.00414272
-0.00429643
-0.00499755
-0.00382533
-0.00505748
-0.00484901
-0.00577136
-0.00551543
-0.00591763
-0.00573087
-0.00536034
-0.00418331
-0.00447927
-0.00376537
-0.00520574
-0.00498635
-0.00575653
-0.00533361
-0.00523544
-0.00454881
-0.00478809
-0.00480772
-0.00545809
-0.00747550
-0.00564536
-0.00546292
-0.00414430
-0.00484490
-0.00457660
-0.00544018
-0.00475210
-0.00481523
-0.00521728
-0.00503835
-0.00536775
-0.00384842
-0.00563835
-0.00577075
-0.00568353
-0.00378465
-0.00544764
-0.00535350
-0.00546802
-0.00202834
-0.00278430
-0.00462060
-0.00363036
-0.00432838
-0.00573480
-0.00500252
-0.00448720
-0.00462107
-0.00540874
-0.00650317
-0.00576209
-0.00537971
-0.00333724
-0.00578003
-0.00601722
-0.00471940
-0.00458654
-0.00419391
-0.00427630
-0.00531585
-0.00542567
-0.00596765
-0.00545428
-0.00525353
-0.00529083
-0.00511232
-0.00654543
-0.00667591
-0.00487446
-0.00486907
-0.00549226
-0.00498115
-0.00446068
-0.00499105
-0.00538167
-0.00567343
-0.00623613
-0.00496932
-0.00554428
-0.00397710
-0.00595164
-0.00468051
-0.00490946
-0.00397941
-0.00486686
-0.00530212
-0.00466478
-0.00460219
-0.00470610
-0.00492448
-0.00513621
-0.00440561
-0.00563994
-0.00510662
-0.00499161
-0.00501792
-0.00577400
-0.00382287
-0.00433240
-0.00569087
-0.00449248
-0.00551990
-0.00518564
-0.00451270
-0.00505299
-0.00517333
-0.00379410
-0.00445445
-0.00462454
-0.00380524
-0.00425234
-0.00378542
-0.00372092
-0.00498771
-0.00566675
-0.00451661
-0.00541615
-0.00591584
-0.00603119
-0.00508101
-0.00542475
-0.00504169
-0.00498454
-0.00518059
-0.00613414
-0.00615571
-0.00397142
-0.00491274
-0.00485332
-0.00409248
-0.00449526
-0.00446410
-0.00504220
-0.00340835
-0.00326153
-0.00301657
-0.00424273
-0.00518642
-0.00507051
-0.00498351
-0.00456391
-0.00571747
-0.00579364
-0.00449634
-0.00377388
-0.00577805
-0.00444590
-0.00463817
-0.00390676
-0.00576697
-0.00566824
-0.00406633
-0.00247764
-0.00304954
-0.00397345
-0.00422534
-0.00389396
-0.00319930
-0.00385793
-0.00395624
-0.00373728
-0.00376377
-0.00375471
-0.00504053
-0.00392278
-0.00357980
-0.00413043
-0.00528975
-0.00497079
-0.00376362
-0.00312758
-0.00384659
-0.00491350
-0.00369237
-0.00440370
-0.00534538
-0.00305367
-0.00419413
-0.00293607
-0.00381239
-0.00436174
-0.00619674
-0.00832809
-0.00742581
-0.00760875
-0.00494863
-0.00527347
-0.00512079
-0.00538585
-0.00475910
-0.00501029
-0.00679337
-0.00562476
-0.00464640
-0.00482134
-0.00408939
-0.00447288
-0.00528717
-0.00620744
-0.00446146
-0.00468738
-0.00518706
-0.00580837
-0.00481172
-0.00356716
-0.00426238
-0.00723653
-0.00561676
-0.00499333
-0.00634932
-0.00522677
-0.00342003
-0.00413450
-0.00199446
-0.00328673
-0.00442427
-0.00478541
-0.00532046
-0.00429495
-0.00430387
-0.00483806
-0.00443167
-0.00515726
-0.00557621
-0.00520209
-0.00458645
-0.00516876
-0.00494868
-0.00470798
-0.00642678
-0.00636997
-0.00680424
-0.00563725
-0.00548201
-0.00527407
-0.00543863
-0.00705532
-0.00507216
-0.00456544
-0.00182239
-0.00274107
-0.00147578
-0.00387185
-0.00377045
-0.00426651
-0.00464461
-0.00461047
-0.00595958
-0.00449806
-0.00536671
-0.00664997
-0.00729334
-0.00619452
-0.00498237
-0.00498418
-0.00537708
-0.00446675
-0.00514670
-0.00575634
-0.00458393
-0.00272523
-0.00469905
-0.00430001
-0.00451122
-0.00398187
-0.00616122
-0.00550817
-0.00340200
-0.00372764
-0.00419030
-0.00437304
-0.00451187
-0.00535956
-0.00599771
-0.00524608
-0.00502782
-0.00360025
-0.00447737
-0.00539223
-0.00398280
-0.00437763
-0.00392026
-0.00367051
-0.00414696
-0.00414538
-0.00427277
-0.00339562
-0.00577167
-0.00577593
-0.00550992
-0.00421517
-0.00525287
-0.00475436
-0.00472590
-0.00471898
-0.00466994
-0.00543971
-0.00494760
-0.00588849
-0.00539494
-0.00517214
-0.00554506
-0.00532696
-0.00448120
-0.00446404
-0.00368022
-0.00416554
-0.00471274
-0.00510333
-0.00402817
-0.00414274
-0.00487392
-0.00630984
-0.00399633
-0.00546217
-0.00383324
-0.00488696
-0.00515874
-0.00464915
-0.00417533
-0.00433940
-0.00452720
-0.00531698
-0.00468382
-0.00517786
-0.00596421
-0.00543005
-0.00457751
-0.00438727
-0.00448259
-0.00462949
-0.00585627
-0.00494193
-0.00416844
-0.00508821
-0.00442208
-0.00407541
-0.00437634
-0.00458588
-0.00540369
-0.00437288
-0.00386942
-0.00428585
-0.00419543
-0.00484701
-0.00376578
-0.00505196
-0.00442951
-0.00583053
-0.00355997
-0.00248124
-0.00194758
-0.00436054
-0.00327244
-0.00186058
-0.00440370
-0.00418503
-0.00584805
-0.00539496
-0.00607143
-0.00581424
-0.00411810
-0.00552358
-0.00412916
-0.00570170
-0.00605039
-0.00414012
-0.00577594
-0.00645456
-0.00508553
-0.00420426
-0.00465870
-0.00497454
-0.00351941
-0.00530187
-0.00478329
-0.00407653
-0.00564250
-0.00658076
-0.00413678
-0.00541700
-0.00433626
-0.00579443
-0.00470405
-0.00599217
-0.00529658
-0.00554065
-0.00469134
-0.00520582
-0.00437117
-0.00603911
-0.00497417
-0.00462894
-0.00575271
-0.00517652
-0.00330759
-0.00436211
-0.00551469
-0.00334090
-0.00368505
-0.00473379
-0.00575135
-0.00408899
-0.00513644
-0.00464281
-0.00470866
-0.00549683
-0.00602607
-0.00436687
-0.00482121
-0.00596349
-0.00597630
-0.00388145
-0.00283761
-0.00293326
-0.00587983
-0.00460347
-0.00412645
-0.00462180
-0.00457397
-0.00501013
-0.00660845
-0.00423849
-0.00430980
-0.00380627
-0.00573703
-0.00531649
-0.00509104
-0.00544352
-0.00350394
-0.00414880
-0.00464695
-0.00468216
-0.00620589
-0.00576944
-0.00536118
