-0.00372787
-0.00301681
-0.00328358
-0.00379445
-0.00349978
-0.00395268
-0.00365007
-0.00376223
-0.00374823
-0.00372572
-0.00369447
-0.00377878
-0.00382116
-0.00373679
-0.00462009
-0.00364904
-0.00332217
-0.00352032
-0.00369069
-0.00374921
-0.00351945
-0.00377090
-0.00383748
-0.00374523
-0.00268586
-0.00278689
-0.00325413
-0.00395047
-0.00394755
-0.00367353
-0.00368591
-0.00379753
-0.00390895
-0.00374543
-0.00364171
-0.00368148
-0.00351431
-0.00377226
-0.00387148
-0.00355759
-0.00383420
-0.00391351
-0.00414407
-0.00359198
-0.00370386
-0.00344470
-0.00350770
-0.00297929
-0.00310071
-0.00335781
-0.00369766
-0.00334506
-0.00382479
-0.00385236
-0.00382216
-0.00379040
-0.00377971
-0.00387207
-0.00375932
-0.00352523
-0.00328469
-0.00370333
-0.00373206
-0.00380796
-0.00363021
-0.00358181
-0.00354650
-0.00364742
-0.00371394
-0.00363643
-0.00418912
-0.00371559
-0.00371602
-0.00329340
-0.00344609
-0.00353225
-0.00370780
-0.00358816
-0.00353404
-0.00360762
-0.00323036
-0.00347964
-0.00355089
-0.00374319
-0.00378381
-0.00374389
-0.00375137
-0.00373581
-0.00386705
-0.00387358
-0.00376809
-0.00391792
-0.00357161
-0.00383640
-0.00378963
-0.00371833
-0.00385088
-0.00353438
-0.00363288
-0.00346150
-0.00354553
-0.00373468
-0.00368590
-0.00370134
-0.00364414
-0.00393284
-0.00379048
-0.00393376
-0.00351772
-0.00350193
-0.00336510
-0.00352420
-0.00363772
-0.00370134
-0.00354138
-0.00348225
-0.00330935
-0.00351378
-0.00306137
-0.00342693
-0.00377126
-0.00360338
-0.00366933
-0.00369568
-0.00418577
-0.00392648
-0.00388302
-0.00459871
-0.00447184
-0.00407598
-0.00370222
-0.00352289
-0.00339429
-0.00360522
-0.00340348
-0.00369267
-0.00353856
-0.00373387
-0.00380965
-0.00375780
-0.00367784
-0.00366978
-0.00379768
-0.00356447
-0.00342489
-0.00357799
-0.00359525
-0.00357714
-0.00361405
-0.00354947
-0.00362351
-0.00364062
-0.00342202
-0.00358820
-0.00353277
-0.00375257
-0.00382590
-0.00378476
-0.00364659
-0.00357337
-0.00362936
-0.00376465
-0.00365102
-0.00353745
-0.00354287
-0.00359556
-0.00359914
-0.00371211
-0.00384867
-0.00373664
-0.00366580
-0.00338364
-0.00334252
-0.00358348
-0.00345675
-0.00375958
-0.00386256
-0.00368968
-0.00393706
-0.00384595
-0.00341903
-0.00389755
-0.00391199
-0.00378155
-0.00378057
-0.00368636
-0.00371686
-0.00382994
-0.00379734
-0.00382776
-0.00354911
-0.00359546
-0.00346410
-0.00367330
-0.00336290
-0.00350529
-0.00353040
-0.00332922
-0.00323705
-0.00361632
-0.00380661
-0.00410016
-0.00389142
-0.00402203
-0.00354150
-0.00352185
-0.00367586
-0.00366908
-0.00354341
-0.00371479
-0.00362382
-0.00375770
-0.00391867
-0.00382586
-0.00376417
-0.00391003
-0.00367951
-0.00330448
-0.00349177
-0.00404576
-0.00383663
-0.00397421
-0.00413823
-0.00399545
-0.00374030
-0.00332755
-0.00350198
-0.00349542
-0.00342987
-0.00355356
-0.00349427
-0.00351457
-0.00363216
-0.00381681
-0.00369175
-0.00382334
-0.00371969
-0.00356460
-0.00371179
-0.00364301
-0.00358962
-0.00368915
-0.00374161
-0.00374908
-0.00360633
-0.00355880
-0.00350610
-0.00352170
-0.00335673
-0.00338138
-0.00354995
-0.00347266
-0.00365994
-0.00368461
-0.00377221
-0.00376809
-0.00370252
-0.00373089
-0.00358592
-0.00366693
-0.00375861
-0.00369132
-0.00368582
-0.00367215
-0.00350031
-0.00357335
-0.00362625
-0.00375064
-0.00371331
-0.00360162
-0.00364388
-0.00355124
-0.00337746
-0.00339928
-0.00355146
-0.00320685
-0.00274167
-0.00324835
-0.00319877
-0.00343220
-0.00376523
-0.00376301
-0.00376843
-0.00381784
-0.00360794
-0.00387017
-0.00388764
-0.00381558
-0.00376406
-0.00369811
-0.00382303
-0.00368895
-0.00388174
-0.00359876
-0.00363123
-0.00367717
-0.00363988
-0.00365225
-0.00380976
-0.00377199
-0.00373053
-0.00380734
-0.00372772
-0.00370084
-0.00367041
-0.00366294
-0.00366013
-0.00315713
-0.00325619
-0.00335486
-0.00415778
-0.00288982
-0.00332316
-0.00353469
-0.00357094
-0.00352391
-0.00352211
-0.00367110
-0.00378225
-0.00344358
-0.00359093
-0.00348635
-0.00334798
-0.00347424
-0.00373647
-0.00382763
-0.00385837
-0.00388780
-0.00368494
-0.00368921
-0.00381322
-0.00372447
-0.00351188
-0.00356735
-0.00361915
-0.00384887
-0.00364435
-0.00364718
-0.00366884
-0.00372194
-0.00377147
-0.00386220
-0.00407182
-0.00388613
-0.00368906
-0.00349082
-0.00374198
-0.00400090
-0.00383389
-0.00402845
-0.00396091
-0.00383335
-0.00373571
-0.00424871
-0.00379042
-0.00381584
-0.00357233
-0.00346596
-0.00352322
-0.00367218
-0.00364309
-0.00347874
-0.00356039
-0.00363162
-0.00349326
-0.00311162
-0.00317769
-0.00369489
-0.00388059
-0.00368342
-0.00381915
-0.00376154
-0.00370594
-0.00400175
-0.00385160
-0.00376551
-0.00378887
-0.00360334
-0.00370351
-0.00362706
-0.00347165
-0.00335518
-0.00352129
-0.00370933
-0.00372348
-0.00367305
-0.00368077
-0.00359610
-0.00372764
-0.00365804
-0.00365572
-0.00353987
-0.00356160
-0.00361025
-0.00376719
-0.00363135
-0.00355127
-0.00370865
-0.00366467
-0.00399850
-0.00382590
-0.00350615
-0.00376019
-0.00383693
-0.00372152
-0.00373901
-0.00369643
-0.00369793
-0.00367671
-0.00374004
-0.00364053
-0.00361688
-0.00358415
-0.00369218
-0.00372671
-0.00374369
-0.00379793
-0.00362960
-0.00369830
-0.00361293
-0.00361639
-0.00354073
-0.00357933
-0.00361142
-0.00370298
-0.00393070
-0.00366805
-0.00355341
-0.00371473
-0.00366890
-0.00351159
-0.00359657
-0.00358974
-0.00363185
-0.00368954
-0.00368609
-0.00383455
-0.00378160
-0.00370982
-0.00355800
-0.00356383
-0.00358295
-0.00364670
-0.00342236
-0.00347626
-0.00352165
-0.00361505
-0.00368409
-0.00355857
-0.00361905
-0.00365855
-0.00360413
-0.00367710
-0.00372168
-0.00374393
-0.00372645
-0.00359596
-0.00352573
-0.00364428
-0.00367577
-0.00365159
-0.00364076
-0.00355163
-0.00353691
-0.00360890
-0.00362310
-0.00362165
-0.00354715
-0.00363152
-0.00348210
-0.00332222
-0.00334545
-0.00324801
-0.00329708
-0.00381218
-0.00387074
-0.00360088
-0.00333029
-0.00353408
-0.00300523
-0.00326299
-0.00320069
-0.00297958
-0.00311784
-0.00435805
-0.00445247
-0.00387868
-0.00420330
-0.00384790
-0.00393800
-0.00362805
-0.00337129
-0.00324167
-0.00324732
-0.00410354
-0.00374989
-0.00352743
-0.00356619
-0.00340584
-0.00353814
-0.00361464
-0.00341105
-0.00409873
-0.00404193
-0.00410090
-0.00393638
-0.00401692
-0.00401852
-0.00382170
-0.00370757
-0.00341091
-0.00369325
-0.00381328
-0.00386892
-0.00375001
-0.00329186
-0.00366375
-0.00358988
-0.00367615
-0.00381121
-0.00405674
-0.00386626
-0.00384241
-0.00380249
-0.00361392
-0.00350744
-0.00354756
-0.00362360
-0.00362676
-0.00370553
-0.00354021
-0.00366600
-0.00355457
-0.00348520
-0.00334634
-0.00351487
-0.00367054
-0.00380219
-0.00365484
-0.00376862
-0.00402357
-0.00384560
-0.00387924
-0.00373568
-0.00374000
-0.00361009
-0.00339235
-0.00381333
-0.00388320
-0.00394561
-0.00379508
-0.00365087
-0.00401334
-0.00367165
-0.00339091
-0.00368069
-0.00363036
-0.00400774
-0.00362510
-0.00364436
-0.00364136
-0.00379859
-0.00374253
-0.00386149
-0.00374292
-0.00349294
-0.00338430
-0.00341526
-0.00347316
-0.00351985
-0.00375602
-0.00403243
-0.00379418
-0.00370736
-0.00368988
-0.00372634
-0.00341337
-0.00371411
-0.00376830
-0.00368847
-0.00372486
-0.00380515
-0.00365667
-0.00367719
-0.00358684
-0.00364037
-0.00369121
-0.00360426
-0.00374620
-0.00354291
-0.00369518
-0.00351363
-0.00321352
-0.00350055
-0.00353756
-0.00346367
-0.00330760
-0.00357176
-0.00374009
-0.00394304
-0.00392358
-0.00380775
-0.00361879
-0.00369768
-0.00377034
-0.00375938
-0.00371267
-0.00379879
-0.00386436
-0.00364426
-0.00364971
-0.00367328
-0.00368334
-0.00384221
-0.00378065
-0.00372688
-0.00368153
-0.00381137
-0.00374262
-0.00374527
-0.00351593
-0.00372764
-0.00365947
-0.00391416
-0.00363203
-0.00365148
-0.00367652
-0.00388494
-0.00373442
-0.00375698
-0.00364546
-0.00364181
-0.00363984
-0.00363620
-0.00363065
-0.00352692
-0.00359628
-0.00370142
-0.00361829
-0.00364834
-0.00354230
-0.00372935
-0.00375710
-0.00355797
-0.00382967
-0.00356503
-0.00359395
-0.00365508
-0.00366697
-0.00347386
-0.00370452
-0.00366487
-0.00370007
-0.00355344
-0.00375867
-0.00363098
-0.00365014
-0.00373544
-0.00344493
-0.00360332
-0.00364102
-0.00316305
-0.00349674
-0.00344903
-0.00372185
-0.00374959
-0.00372052
-0.00373582
-0.00402831
-0.00372469
-0.00370816
-0.00380422
-0.00398517
-0.00381224
-0.00353567
-0.00361003
-0.00372036
-0.00369321
-0.00370306
-0.00372730
-0.00381129
-0.00371165
-0.00367519
-0.00370914
-0.00361818
-0.00361769
-0.00371268
-0.00368589
-0.00371870
-0.00370524
-0.00376368
-0.00377601
-0.00371681
-0.00368152
-0.00339007
-0.00339309
-0.00367193
-0.00367270
-0.00368005
-0.00373539
-0.00350686
-0.00378238
-0.00367331
-0.00374836
-0.00364756
-0.00358573
-0.00360759
-0.00349718
-0.00359485
-0.00351027
-0.00360517
-0.00350362
-0.00373720
-0.00356282
-0.00373405
-0.00354935
-0.00379179
-0.00385022
-0.00371175
-0.00364614
-0.00350356
-0.00360517
-0.00356693
-0.00354194
-0.00357580
-0.00350918
-0.00330681
-0.00328122
-0.00350340
-0.00289136
-0.00296596
-0.00359096
-0.00366864
-0.00470462
-0.00429160
-0.00370607
-0.00362942
-0.00358778
-0.00381236
-0.00381757
-0.00359052
-0.00342758
-0.00365730
-0.00365856
-0.00451881
-0.00434396
-0.00398559
-0.00372816
-0.00380114
-0.00398481
-0.00380446
-0.00372279
-0.00381032
-0.00374952
-0.00381933
-0.00358035
-0.00393935
-0.00385255
-0.00412841
-0.00411001
-0.00378089
-0.00386359
-0.00358717
-0.00356734
-0.00360808
-0.00340050
-0.00338335
-0.00360771
-0.00381418
-0.00376172
-0.00377800
-0.00383712
-0.00395353
-0.00371527
-0.00388513
-0.00375749
-0.00364231
-0.00353898
-0.00375672
-0.00369830
-0.00331786
-0.00340533
-0.00351524
-0.00360060
-0.00372159
-0.00380921
-0.00384691
-0.00379457
-0.00345255
-0.00371519
-0.00370632
-0.00369002
-0.00373755
-0.00367250
-0.00345104
-0.00322233
-0.00339189
-0.00328978
-0.00347425
-0.00346233
-0.00360759
-0.00357841
-0.00369743
-0.00370722
-0.00408423
-0.00389501
-0.00378684
-0.00367777
-0.00359668
-0.00354882
-0.00361509
-0.00364627
-0.00391909
-0.00382766
-0.00367233
-0.00363688
-0.00369532
-0.00365132
-0.00379707
-0.00387070
-0.00380129
-0.00367688
-0.00376771
-0.00352514
-0.00340603
-0.00339820
-0.00349533
-0.00345528
-0.00357997
-0.00336716
-0.00329252
-0.00342529
-0.00359707
-0.00371589
-0.00380953
-0.00380529
-0.00384035
-0.00374389
-0.00374553
-0.00371049
-0.00360942
-0.00353597
-0.00359031
-0.00356537
-0.00353553
-0.00368699
-0.00380187
-0.00368061
-0.00359142
-0.00363865
-0.00362293
-0.00359622
-0.00364131
-0.00352794
-0.00340734
-0.00351281
-0.00350422
-0.00366929
-0.00369355
-0.00389431
-0.00403292
-0.00390393
-0.00383985
-0.00394353
-0.00360211
-0.00373244
-0.00397804
-0.00379552
-0.00380544
-0.00374231
-0.00384752
-0.00389817
-0.00361343
-0.00371741
-0.00365292
-0.00364715
-0.00364430
-0.00368716
-0.00361292
-0.00345556
-0.00379405
-0.00372190
-0.00368387
-0.00355426
-0.00355367
-0.00406896
-0.00371590
-0.00365654
-0.00358141
-0.00370361
-0.00343914
-0.00361440
-0.00360602
-0.00364497
-0.00358667
-0.00363848
-0.00360873
-0.00359759
-0.00353628
-0.00344991
-0.00371974
-0.00360881
-0.00370859
-0.00353899
-0.00369142
-0.00368820
-0.00367148
-0.00367565
-0.00366786
-0.00353296
-0.00369161
-0.00364096
-0.00360759
-0.00364313
-0.00305156
-0.00339521
-0.00112773
-0.00243857
-0.00317760
-0.00224452
-0.00172953
-0.00147574
-0.00422751
-0.00458556
-0.00432129
-0.00353668
-0.00368813
-0.00374260
-0.00208782
-0.00227840
-0.00181825
-0.00086980
-0.00084302
-0.00248222
-0.00397518
-0.00472045
-0.00593525
-0.00362849
-0.00404471
-0.00479122
-0.00662793
-0.00477420
-0.00494827
-0.00405644
-0.00376964
-0.00343566
-0.00191732
-0.00325852
-0.00335711
-0.00364298
-0.00361414
-0.00335544
-0.00352843
-0.00185308
-0.00272439
-0.00319534
-0.00311530
-0.00459398
-0.00463030
-0.00414276
-0.00438957
-0.00401659
-0.00455202
-0.00476682
-0.00415546
-0.00517492
-0.00421399
-0.00397100
-0.00340636
-0.00326481
-0.00253372
-0.00320958
-0.00365454
-0.00385022
-0.00426638
-0.00420989
-0.00453037
-0.00426851
-0.00351287
-0.00365184
-0.00353809
-0.00357318
-0.00323171
-0.00354621
-0.00338303
-0.00385091
-0.00401926
-0.00377955
-0.00346398
-0.00342320
-0.00308069
-0.00324042
-0.00322875
-0.00309424
-0.00347888
-0.00367679
-0.00358363
-0.00367033
-0.00345721
-0.00369032
-0.00394963
-0.00400167
-0.00384731
-0.00446870
-0.00380581
-0.00371635
-0.00380480
-0.00371291
-0.00364963
-0.00363363
-0.00367533
-0.00365930
-0.00354679
-0.00349784
-0.00369605
-0.00376979
-0.00388724
-0.00397972
-0.00391389
-0.00391474
-0.00372446
-0.00370522
-0.00383866
-0.00373087
-0.00408393
-0.00459413
-0.00439471
-0.00422834
-0.00387677
-0.00374757
-0.00438298
-0.00449237
-0.00365253
-0.00329368
-0.00405087
-0.00385545
-0.00340706
-0.00313818
-0.00326122
-0.00285017
-0.00335556
-0.00365911
-0.00362698
-0.00394056
-0.00399557
-0.00364136
-0.00365947
-0.00329858
-0.00327241
-0.00322120
-0.00376912
-0.00373750
-0.00380265
-0.00413091
-0.00401069
-0.00372530
-0.00355320
-0.00360639
-0.00353681
-0.00346000
-0.00336318
-0.00337434
-0.00323871
-0.00302563
-0.00314055
-0.00332849
-0.00332709
-0.00311009
-0.00349392
-0.00319973
-0.00321543
-0.00316067
-0.00390920
-0.00382064
-0.00421801
-0.00406248
-0.00418071
-0.00456442
-0.00445861
-0.00372892
-0.00331575
-0.00314870
-0.00351237
-0.00338899
-0.00347944
-0.00353090
-0.00360952
-0.00327949
-0.00370446
-0.00374442
-0.00364113
-0.00372426
-0.00364129
-0.00399667
-0.00476275
-0.00445209
-0.00360739
-0.00353207
-0.00360434
-0.00351065
-0.00352674
-0.00348399
-0.00335792
-0.00336799
-0.00374702
-0.00381632
-0.00384127
-0.00358635
-0.00363830
-0.00329037
-0.00368794
-0.00367912
-0.00358656
-0.00364274
-0.00358403
-0.00364047
-0.00366531
