0.00081816
0.00037305
0.00098716
-0.00181261
-0.00183099
0.00184257
0.00185117
0.00063359
0.00000492
0.00099473
0.00311112
0.00159526
0.00294332
-0.00237504
0.00503342
-0.00114169
0.00100413
0.00074957
0.00458784
0.00244411
0.00170498
-0.00005224
0.00108487
-0.00245436
0.00065501
0.00387533
0.00162155
0.00092211
0.00105112
0.00165037
0.00134537
0.00273646
0.00121409
0.00139485
0.00133510
0.00201887
0.00142492
0.00119347
-0.00178810
0.00062937
0.00339122
0.00158860
0.00081354
0.00108510
-0.00112855
0.00075930
0.00270974
0.00125652
0.00132304
-0.00015540
-0.00261193
0.00195068
-0.00129158
0.00063198
0.00031820
0.00159343
-0.00165602
0.00489768
0.00145100
0.00245770
0.00266046
0.00128365
0.00319787
-0.00023568
0.00106425
0.00287712
0.00108221
0.00071286
0.00214723
0.00104036
0.00096301
0.00327904
0.00101356
0.00135016
0.00336609
0.00229530
0.00080549
-0.00347356
0.00030471
0.00408445
0.00235070
0.00161437
-0.00050769
0.00114032
0.00169840
-0.00065027
0.00141900
0.00049175
0.00137324
0.00116207
0.00074451
0.00405755
0.00283148
0.00141607
-0.00014069
0.00105656
-0.00089221
0.00136998
0.00108097
0.00347282
0.00168059
0.00247348
0.00155788
0.00169782
0.00142594
-0.00184458
0.00156162
0.00058492
0.00045969
0.00375046
0.00150988
0.00134332
0.00029964
0.00174446
0.00102329
0.00161702
0.00012013
0.00115369
0.00196194
0.00136483
0.00019757
0.00043192
0.00178017
0.00127921
0.00166539
0.00044439
0.00128805
0.00065582
0.00228932
0.00099963
0.00137117
0.00164534
0.00207863
0.00208479
0.00149938
0.00175156
0.00210946
0.00327929
0.00205161
0.00137783
0.00183720
0.00116310
-0.00060838
0.00132097
0.00202189
0.00072076
0.00190793
0.00178586
0.00210515
0.00136597
0.00196122
0.00219638
0.00076865
0.00138263
0.00123511
0.00033999
0.00237066
0.00142805
0.00183525
0.00159738
0.00167819
0.00099479
0.00109748
0.00128962
0.00105723
0.00055509
0.00110120
0.00087474
0.00210030
0.00163803
0.00080895
0.00014837
0.00178722
0.00128870
0.00016601
0.00096406
0.00146513
0.00124934
0.00127550
0.00115614
0.00099949
0.00155240
0.00146116
0.00131024
0.00152679
0.00132328
0.00089541
0.00119091
0.00098494
0.00371599
0.00055479
0.00212639
0.00150838
0.00137579
0.00262147
0.00076326
0.00232812
-0.00029600
0.00119655
0.00116183
0.00252251
0.00150245
0.00105879
0.00125748
0.00059090
0.00100272
0.00084338
0.00113982
0.00147957
0.00128919
-0.00431513
0.00624368
0.00191086
0.00037786
0.00054337
0.00151647
0.00059418
0.00094450
0.00113580
-0.00068223
0.00407185
-0.00014161
0.00412057
-0.00096937
0.00098234
0.00383000
-0.00061213
-0.00234667
0.00250529
0.00097254
0.00208789
0.00057475
0.00133724
0.00202595
0.00142138
0.00243532
0.00052431
-0.00162084
0.00174560
0.00250367
0.00178856
-0.00183917
0.00359880
0.00198867
0.00090523
-0.00146972
-0.00036795
0.00277714
0.00242130
0.00145968
0.00100537
0.00088524
0.00069059
0.00111117
0.00331008
0.00036732
0.00137456
0.00127836
0.00125974
0.00081520
0.00115850
-0.00002902
0.00123302
0.00070117
0.00109652
0.00035725
0.00144709
0.00173072
0.00106012
0.00125480
0.00126519
0.00296821
0.00053412
0.00243325
0.00228759
-0.00015802
0.00247055
0.00144003
0.00106126
-0.00398136
0.00101114
-0.00006807
0.00359455
0.00191649
-0.00097400
0.00296939
0.00152816
0.00139721
-0.00095218
0.00082839
0.00169739
0.00335064
0.00252423
0.00159722
0.00099301
0.00090621
0.00164444
0.00229710
0.00062636
0.00096960
0.00035601
0.00164492
0.00083649
0.00147795
0.00004601
0.00102195
0.00090515
0.00212611
0.00140689
-0.00041776
0.00095726
0.00178237
0.00220879
-0.00164527
0.00213157
0.00105701
-0.00042746
0.00088844
0.00214958
0.00078584
0.00119226
-0.00010193
0.00253510
0.00042655
0.00112451
0.00270557
0.00105775
0.00208382
0.00202243
0.00221970
-0.00102881
0.00086968
0.00143101
0.00190907
0.00227639
0.00268460
-0.00016204
0.00131265
0.00172175
0.00133291
0.00135981
0.00088291
0.00138299
0.00102705
0.00139873
0.00023888
0.00085413
0.00096289
0.00210369
0.00139900
0.00152472
0.00136007
0.00145935
0.00132724
0.00095993
0.00120730
0.00122687
0.00087758
0.00170282
0.00076262
0.00074486
0.00112722
0.00151632
0.00202949
0.00112671
0.00098390
0.00122458
0.00021666
0.00035847
0.00060177
0.00155848
0.00090073
0.00210904
0.00177743
0.00120972
0.00179471
0.00104888
0.00182337
0.00156735
0.00078196
0.00169442
0.00131985
0.00219174
0.00093845
0.00009549
0.00139631
0.00157010
0.00129341
0.00029374
-0.00016948
0.00205955
0.00122871
0.00126153
0.00113661
0.00057200
0.00059143
0.00107376
0.00157230
0.00043485
0.00109512
0.00212138
0.00000722
-0.00018550
0.00088923
0.00219670
0.00214509
0.00147542
0.00129772
0.00132061
0.00129022
0.00126597
0.00125107
0.00124324
0.00124104
0.00124214
0.00146728
0.00129420
0.00173020
0.00138165
0.00132262
0.00129813
0.00117156
0.00161915
0.00125193
0.00007252
0.00102388
0.00074670
0.00110016
0.00152780
0.00002288
0.00317886
0.00158776
0.00257579
0.00001881
0.00221502
0.00141951
-0.00002944
0.00236390
0.00159522
0.00065106
0.00190200
0.00095423
0.00133067
0.00119265
0.00120505
0.00124688
0.00137674
0.00184926
0.00121287
0.00026666
0.00113525
0.00047370
0.00130555
0.00057945
0.00194841
0.00166674
0.00055584
0.00128070
0.00120954
0.00315754
0.00212815
0.00160300
0.00292508
0.00159959
0.00192244
0.00164891
0.00196970
0.00171318
0.00058542
0.00116854
0.00144201
0.00162426
0.00174635
0.00226188
0.00237516
0.00311895
0.00153882
-0.00031433
0.00185119
0.00108815
0.00074885
0.00022416
0.00320765
0.00191286
0.00162052
0.00145672
0.00125407
0.00128064
0.00032070
0.00107538
0.00230382
0.00165918
0.00042975
0.00144445
0.00058654
0.00098523
0.00029065
0.00410601
0.00209646
0.00161203
-0.00143982
0.00248332
0.00254942
0.00050697
-0.00214690
0.00304110
0.00137671
-0.00061890
0.00106563
0.00104374
0.00323693
0.00178874
0.00009450
0.00156606
0.00014407
0.00161061
0.00166021
0.00088612
0.00040694
0.00115687
0.00182188
0.00149354
0.00150972
0.00210045
0.00015727
0.00156977
0.00056460
0.00096001
0.00244460
0.00174166
0.00101957
0.00131450
0.00055766
0.00156358
0.00038234
0.00194552
0.00173306
0.00138204
0.00133619
0.00075980
0.00208484
0.00187046
0.00142121
0.00233985
0.00088776
0.00125223
0.00246640
0.00117827
0.00146203
0.00133220
0.00139970
0.00082034
0.00200894
0.00168707
0.00154316
-0.00068595
0.00090630
0.00226308
0.00125629
0.00120647
0.00138617
-0.00068124
0.00250297
0.00192339
0.00089319
0.00073638
0.00038984
0.00169070
0.00083289
-0.00086045
-0.00052927
0.00225005
0.00130161
0.00088837
0.00025269
0.00002432
0.00292509
0.00062948
-0.00070154
0.00015260
0.00233669
0.00123495
0.00086013
-0.00116137
0.00137190
0.00071887
0.00084141
0.00029919
0.00126279
0.00159321
0.00219619
0.00188411
0.00207175
0.00013002
0.00109904
-0.00007225
0.00077871
0.00266083
-0.00005797
0.00126269
0.00144329
0.00058880
0.00133684
0.00122946
0.00121874
0.00044443
0.00244344
0.00173541
0.00175276
0.00142441
0.00155491
0.00079872
0.00222439
0.00008949
0.00062589
0.00308921
-0.00074289
0.00067128
0.00191091
0.00238907
0.00226413
0.00115804
0.00132581
0.00136708
0.00130084
0.00113716
0.00123535
0.00039070
0.00056016
0.00144088
0.00088359
0.00157245
0.00130251
0.00058406
-0.00056944
0.00276815
0.00100290
0.00125159
0.00243886
0.00168162
0.00143633
0.00020459
0.00278234
0.00228368
0.00189971
0.00006913
0.00109623
0.00165998
0.00098012
0.00098724
0.00118618
0.00147518
0.00123475
0.00181402
0.00138966
-0.00007835
0.00114019
0.00115677
0.00322782
0.00006079
0.00176238
0.00158182
0.00135220
0.00069892
0.00116292
0.00108378
0.00157239
0.00137144
0.00152216
0.00158168
0.00135577
0.00162718
0.00080460
0.00156985
0.00180287
0.00127874
0.00130755
0.00191037
0.00121927
0.00201148
0.00176472
0.00154214
0.00138215
0.00077843
0.00120573
0.00123988
0.00158574
0.00132204
0.00064135
0.00109842
0.00119787
0.00111379
0.00097168
0.00119456
0.00087275
0.00067966
0.00197352
0.00136050
0.00152853
0.00134486
0.00142749
0.00131420
0.00130207
0.00100997
0.00160912
0.00140171
0.00157215
0.00133860
-0.00000810
0.00194278
0.00057469
0.00117405
0.00120011
0.00211046
0.00181069
0.00143772
0.00161348
0.00139008
0.00132818
0.00081345
0.00069822
0.00109016
0.00116555
0.00214252
-0.00011980
0.00206722
0.00103490
0.00124366
0.00162502
0.00133883
-0.00033536
0.00022482
0.00093634
0.00199826
0.00131297
0.00158469
0.00090050
0.00122600
-0.00063965
0.00247925
0.00136752
0.00015842
0.00211380
0.00227682
0.00149805
0.00153010
0.00143411
0.00155181
0.00143026
0.00146478
0.00131429
0.00209560
0.00049585
0.00197516
0.00123472
0.00132463
0.00086579
0.00119107
0.00206251
0.00141627
0.00114314
0.00105263
0.00123193
0.00124104
0.00125270
0.00046059
0.00069350
0.00109015
0.00194380
0.00149975
0.00125339
0.00160753
0.00179042
0.00090264
0.00123646
0.00097910
0.00192267
0.00136785
0.00104195
0.00171047
0.00134649
0.00038794
0.00175598
0.00346923
0.00094038
0.00160018
0.00169883
0.00139346
0.00077791
0.00069240
0.00111232
0.00130614
0.00127325
-0.00174387
0.00238793
0.00124417
0.00000119
-0.00160352
0.00027397
-0.00280709
0.00112546
0.00419818
0.00027180
0.00180078
0.00200961
0.00137501
0.00062500
-0.00483298
-0.00007249
-0.00235008
-0.00468978
0.00163793
0.00216312
0.00123716
0.00226241
0.00402869
-0.00185818
-0.00603937
0.00219470
-0.00050889
0.00062259
0.00177675
0.00523604
0.00070960
0.00055511
0.00412776
0.00077441
0.00163136
0.00174960
0.00001226
0.00425840
-0.00005425
0.00171315
0.00131378
0.00010119
-0.00206643
-0.00018428
0.00068137
0.00348847
0.00114547
0.00098469
0.00129229
0.00151213
0.00243939
0.00047839
0.00283061
0.00014826
0.00226156
0.00094547
0.00304980
0.00190406
0.00136996
0.00187933
0.00079948
0.00142480
0.00098731
0.00119872
-0.00013869
0.00095645
0.00237339
0.00220304
0.00152712
0.00033442
-0.00037205
0.00214187
0.00150565
0.00131688
0.00151292
0.00133806
-0.00111428
-0.00015997
0.00080028
0.00017048
0.00111539
0.00116561
0.00277667
0.00175993
0.00174578
0.00249287
0.00067050
0.00204671
0.00157841
-0.00007340
0.00084066
0.00106825
0.00265773
0.00149402
0.00339202
0.00153919
0.00028165
0.00163995
0.00171795
0.00135371
0.00415743
0.00237580
0.00133979
0.00182113
0.00009694
0.00196371
0.00177224
-0.00009543
0.00111886
0.00071017
0.00308936
0.00261916
0.00167688
-0.00007197
0.00110254
0.00276559
0.00215907
0.00137266
0.00093195
0.00150406
0.00047493
0.00103243
0.00074464
0.00187752
0.00134230
0.00285054
0.00135889
0.00229710
0.00180811
0.00093126
0.00127227
0.00099010
0.00259247
0.00100154
0.00034839
0.00109360
-0.00383395
-0.00057385
0.00184918
0.00062469
-0.00159205
0.00085311
0.00135238
0.00192444
0.00138500
0.00108286
0.00110046
-0.00341182
0.00097755
0.00138132
0.00107651
0.00271780
0.00123931
0.00148988
0.00210677
0.00144920
-0.00289851
0.00291920
0.00115124
0.00110444
0.00116333
0.00072669
0.00312420
-0.00293842
0.00400314
0.00150260
0.00138448
0.00223516
0.00133387
0.00193915
0.00152531
0.00136828
0.00238429
0.00158592
0.00080782
0.00111391
0.00203461
0.00107506
0.00142367
0.00220997
0.00147822
0.00148397
0.00107738
0.00041889
0.00269073
0.00266622
0.00418888
0.00250002
0.00180256
0.00070430
-0.00121046
0.00122063
0.00198268
0.00165599
0.00176107
0.00142565
0.00175209
0.00163382
0.00292826
0.00167579
0.00147461
-0.00155252
0.00073107
-0.00024104
0.00223622
0.00131091
0.00048850
0.00150316
0.00121587
0.00187106
0.00140171
0.00033452
0.00042795
0.00085148
0.00108253
0.00114843
0.00231659
0.00025970
0.00229724
0.00206094
0.00269624
0.00163746
-0.00037671
0.00113016
-0.00088228
0.00073933
-0.00183481
0.00049014
-0.00085060
0.00016709
0.00040980
0.00053756
0.00067940
0.00233677
-0.00003765
0.00188800
0.00112294
0.00123598
0.00154481
-0.00003076
0.00034369
0.00094803
-0.00055286
0.00244568
0.00132190
0.00094968
0.00109253
0.00324123
0.00178771
0.00156540
0.00140772
0.00244423
0.00151768
0.00058164
0.00002255
0.00095483
0.00214306
0.00136308
0.00067493
0.00117358
0.00029027
0.00104887
0.00199265
0.00161141
0.00087657
0.00144735
0.00130176
0.00208832
0.00160921
0.00139597
0.00121833
0.00125436
0.00130071
0.00174892
0.00125077
0.00069103
0.00146513
0.00126572
0.00060259
0.00112553
0.00054579
0.00138664
0.00122949
0.00058702
0.00112250
0.00121697
0.00066335
0.00112680
0.00094288
0.00239839
0.00148629
0.00139404
0.00133700
0.00136796
0.00129100
0.00090788
0.00118097
0.00041648
0.00142173
-0.00012659
0.00070540
0.00276773
0.00149072
0.00059683
-0.00032023
0.00143808
0.00113275
0.00206907
0.00140333
0.00139580
0.00131855
0.00144617
0.00144367
0.00130820
0.00201929
-0.00079530
0.00088067
0.00248415
0.00161871
-0.00129893
0.00174046
0.00141509
0.00125381
-0.00068619
0.00086271
-0.00107408
0.00062008
0.00066236
0.00030155
0.00066016
0.00104337
0.00049902
0.00106138
0.00115053
0.00315524
0.00008316
0.00215752
0.00140540
0.00155487
0.00132396
0.00140723
0.00127644
0.00142850
0.00084361
0.00252555
0.00106913
0.00137768
0.00039930
0.00343552
0.00165284
0.00002930
0.00045248
0.00231423
0.00058527
0.00212512
0.00051359
0.00116302
0.00191109
0.00118688
0.00074170
0.00117395
0.00126196
0.00220376
0.00160571
0.00158419
0.00157573
0.00135342
0.00131986
0.00079577
0.00077041
0.00035106
0.00016987
0.00030065
0.00094699
0.00098520
0.00114542
0.00047743
0.00109094
0.00062791
0.00078287
-0.00021657
0.00034510
0.00012182
0.00193557
0.00126500
0.00133298
0.00186952
0.00008974
0.00302836
0.00126196
0.00064499
0.00139704
0.00133276
0.00033595
0.00264637
0.00146251
0.00138158
0.00089805
0.00145355
0.00147355
0.00130170
0.00060983
0.00132901
0.00188440
0.00142642
0.00125213
0.00148565
0.00132469
0.00174050
0.00114340
-0.00011432
0.00098398
0.00075942
0.00101078
0.00110533
0.00186311
0.00106867
0.00067192
0.00123317
0.00121978
0.00238060
0.00092956
0.00104752
0.00122584
0.00133570
0.00178749
0.00136288
0.00087995
0.00134943
0.00199277
0.00116473
0.00073028
0.00147003
0.00126825
0.00149832
0.00094106
0.00264069
0.00177033
0.00162194
0.00141801
0.00205245
0.00174097
0.00208046
0.00149052
0.00119291
0.00140245
0.00114875
-0.00003710
-0.00092065
-0.00021722
-0.00014482
0.00045022
0.00314026
0.00280729
0.00179959
0.00130864
-0.00007353
0.00063895
0.00104285
0.00196531
0.00206848
-0.00033123
0.00099370
0.00261110
0.00147302
-0.00097089
0.00041004
0.00053491
0.00236302
0.00266061
0.00060977
0.00200330
0.00009745
0.00083593
0.00273893
0.00156997
0.00139540
0.00179070
0.00095392
0.00124068
0.00027809
0.00104152
0.00164163
0.00018596
0.00096398
0.00106463
0.00285917
0.00151833
0.00241768
0.00151037
0.00163547
0.00120435
0.00103534
-0.00072366
0.00170869
0.00061197
0.00107492
0.00093258
0.00172611
0.00194053
0.00175726
0.00179689
0.00163757
0.00140924
0.00175095
0.00059176
0.00242317
0.00423206
0.00193931
0.00490735
0.00194556
0.00168000
0.00215355
0.00152849
0.00149157
0.00207087
0.00144141
0.00055925
0.00116823
0.00096460
0.00144461
0.00129934
0.00323816
0.00188854
0.00157841
0.00383996
0.00189787
0.00235673
0.00080910
0.00121034
0.00129765
0.00083155
0.00126080
0.00227018
0.00102132
0.00138325
0.00037866
0.00243674
-0.00630147
-0.00023866
0.00225037
0.00184920
0.00134548
-0.00504308
0.00002040
0.00107417
-0.00058170
0.00168038
0.00118662
0.00096574
0.00396688
0.00179622
0.00267593
0.00010964
0.00049432
0.00067360
0.00399574
0.00122059
0.00158901
0.00189129
0.00076072
0.00171367
0.00066071
-0.00003801
0.00114540
0.00091965
0.00086051
0.00113930
0.00202667
0.00082827
0.00106041
0.00054119
0.00123947
0.00242673
0.00167003
0.00195973
0.00382376
0.00208877
0.00164586
-0.00170482
0.00183687
0.00112743
0.00236907
-0.00016869
0.00130167
0.00063051
-0.00053100
0.00084298
0.00299851
0.00528707
0.00253058
0.00176356
0.00162635
0.00217237
0.00164174
0.00254994
0.00156622
0.00151065
0.00394879
0.00213374
-0.00000889
-0.00066807
0.00067308
0.00047807
0.00098960
0.00066898
0.00312608
0.00393655
0.00541969
-0.00035534
0.00323301
0.00174912
0.00221665
0.00320285
0.00134875
0.00292169
0.00193539
0.00106198
0.00159036
0.00250147
0.00232659
0.00086623
0.00153374
-0.00014038
0.00123318
0.00118836
0.00158677
0.00122029
0.00130535
-0.00118566
0.00030157
0.00091852
0.00303821
0.00157145
0.00088371
0.00232258
-0.00022441
0.00140833
0.00250550
-0.00044627
0.00054271
0.00245364
0.00017490
0.00256692
0.00139152
0.00069089
0.00035935
0.00137456
0.00318014
0.00224194
0.00093498
0.00132269
0.00133627
0.00108401
0.00241292
0.00031277
0.00035360
0.00140581
0.00181595
0.00155994
-0.00112709
-0.00138422
0.00251553
0.00128119
0.00200150
0.00093144
0.00135358
0.00087630
-0.00003573
-0.00047419
0.00031798
0.00039112
0.00142417
0.00074036
0.00191331
0.00143415
0.00042134
0.00050261
0.00189256
0.00159010
0.00105423
0.00095596
0.00119299
0.00338345
0.00067043
0.00108146
0.00199235
0.00138790
0.00191066
0.00316413
0.00228309
0.00079403
0.00175936
0.00108904
0.00150425
0.00204913
0.00143504
0.00160862
0.00095660
0.00124855
0.00175428
0.00153472
0.00021368
0.00104333
0.00117052
0.00127523
0.00125516
0.00109590
0.00115906
0.00151881
0.00101743
0.00116958
0.00177952
0.00126045
0.00124481
-0.00249653
0.00010925
0.00211213
0.00248411
-0.00077481
0.00220610
0.00188904
0.00242732
0.00017042
0.00320738
0.00272817
0.00355694
0.00054685
0.00247366
0.00160306
0.00139991
0.00103986
0.00143092
-0.00004299
0.00076814
0.00106663
0.00299407
0.00074112
0.00240236
0.00055777
0.00122707
0.00225421
0.00100911
0.00137556
0.00145330
0.00132083
0.00095359
0.00143568
0.00197788
0.00131818
0.00255337
-0.00041828
0.00032427
0.00074518
0.00290632
0.00091448
0.00115465
-0.00070830
0.00104141
0.00027438
0.00182921
0.00128204
0.00030719
0.00107981
0.00203434
0.00106345
0.00084355
0.00140775
0.00125814
0.00261164
0.00202419
0.00150652
-0.00089659
0.00018159
0.00096076
-0.00002155
0.00172285
0.00134566
0.00208280
0.00012910
0.00060324
0.00069230
0.00261808
0.00060141
0.00200626
0.00149969
0.00249379
0.00217433
0.00180220
0.00256968
0.00160304
0.00232838
0.00051613
0.00204024
-0.00040609
0.00094351
0.00188345
-0.00090981
0.00220530
0.00132740
0.00283879
0.00095852
0.00134615
0.00255136
0.00516955
0.00001224
0.00319835
0.00304583
-0.00114261
0.00234609
0.00162553
0.00124011
0.00173231
0.00248876
-0.00051216
0.00101172
0.00519422
0.00186469
0.00025627
0.00123955
0.00357005
0.00177810
-0.00013616
0.00006641
0.00096319
-0.00158919
0.00148209
-0.00053898
0.00082178
-0.00017659
0.00016721
0.00304518
0.00152960
0.00071336
0.00122901
0.00218457
0.00017770
0.00108322
0.00245673
0.00234639
0.00221678
0.00154912
0.00197646
0.00145457
-0.00186419
0.00062651
0.00294747
0.00149914
0.00250279
0.00206757
0.00037156
0.00269974
0.00154775
-0.00048912
0.00137153
0.00001661
0.00109529
0.00147120
0.00104678
0.00206386
-0.00108958
0.00084064
0.00290350
0.00197559
0.00139903
0.00150014
0.00033373
-0.00130781
0.00086125
0.00126461
0.00159556
0.00064728
0.00187792
0.00055984
0.00115146
0.00222524
0.00137263
0.00150123
-0.00032847
0.00291104
0.00179220
0.00081755
0.00249444
0.00290725
0.00173387
0.00187631
0.00034130
0.00212022
0.00213149
-0.00333196
0.00037614
0.00116272
0.00103812
0.00087124
0.00060083
0.00282029
0.00155651
0.00224692
0.00155251
0.00006016
0.00151762
0.00091399
0.00135853
0.00123395
0.00171026
0.00134095
-0.00019278
0.00091498
0.00172366
-0.00390542
-0.00110058
0.00230088
0.00207297
0.00173253
0.00212540
0.00023370
0.00115734
0.00082209
0.00092863
0.00109997
0.00118185
0.00119111
0.00004729
0.00251479
0.00069623
0.00068505
0.00366278
-0.00006343
0.00112398
0.00325847
0.00038651
0.00229613
-0.00036829
0.00178253
0.00208306
0.00338600
0.00007122
0.00119337
-0.00053733
0.00160351
0.00140071
0.00120843
0.00142897
-0.00140251
0.00023674
0.00216065
0.00235104
0.00174905
0.00146656
-0.00082762
0.00088195
0.00311053
0.00224994
0.00155462
0.00139938
0.00135737
0.00414106
0.00076563
0.00135546
0.00098808
-0.00077996
-0.00051079
0.00129786
0.00080547
0.00399546
0.00153703
0.00054623
0.00427862
0.00079259
0.00302557
-0.00030821
0.00203591
0.00159866
0.00415703
0.00188898
-0.00034884
-0.00003090
-0.00126876
-0.00068866
0.00330018
0.00112256
0.00333900
0.00175352
-0.00031611
0.00136687
0.00155504
0.00363649
0.00176268
0.00171328
0.00220008
0.00184974
-0.00266448
0.00470970
0.00183161
-0.00084672
0.00136262
0.00071114
0.00135163
0.00222103
0.00145640
0.00026581
-0.00175725
0.00114866
0.00100146
0.00040710
0.00379614
0.00094470
0.00314084
0.00284138
0.00198884
0.00418420
0.00281888
0.00421409
0.00521845
0.00325427
0.00046397
0.00093760
-0.00190643
0.00184514
0.00019994
0.00387443
0.00124836
0.00240081
0.00163118
0.00212590
0.00189544
0.00473054
0.00299942
0.00352919
-0.00002611
-0.00249168
0.00049721
-0.00266156
-0.00358832
-0.00217583
-0.00263557
0.00639363
0.00171939
0.00257334
-0.00040088
0.00114205
-0.00039241
0.00104096
0.00022041
-0.00038308
0.00126753
-0.00393531
0.00387497
0.00299980
0.00204673
0.00152296
0.00143121
0.00488880
0.00025422
0.00158325
0.00383186
0.00025573
0.00521744
0.00220799
-0.00058942
0.00231207
0.00091650
-0.00119274
-0.00231204
-0.00213822
0.00252651
0.00450363
0.00101321
-0.00131965
0.00187986
0.00022327
0.00121526
0.00153296
0.00213812
-0.00110232
0.00000849
0.00043733
0.00037599
0.00181573
0.00068864
-0.00011931
0.00010718
0.00090037
0.00102179
0.00172004
0.00109513
0.00331833
0.00167759
0.00085887
0.00147256
0.00215609
0.00364458
0.00040244
0.00125463
-0.00171282
0.00129356
0.00271819
0.00316727
0.00296716
0.00012437
0.00171341
0.00210360
0.00146084
0.00432462
0.00249176
0.00203028
0.00161746
0.00153347
0.00038735
0.00199420
0.00125528
0.00057153
0.00123172
-0.00023253
-0.00102656
0.00112353
0.00104527
0.00062520
0.00134534
0.00217202
0.00102846
0.00130408
0.00051489
0.00209063
0.00209329
0.00358618
-0.00060382
0.00131778
-0.00070447
0.00080217
0.00177947
0.00124601
-0.00066403
-0.00004042
0.00011656
0.00151456
0.00125185
0.00135540
0.00050856
-0.00171056
-0.00641195
0.00300487
0.00304299
-0.00032610
0.00145180
0.00467492
0.00197378
0.00384145
0.00046195
0.00232676
0.00148169
-0.00156417
0.00055293
-0.00219433
0.00035013
0.00197155
-0.00097650
0.00244179
0.00060754
0.00148185
0.00308898
0.00166453
0.00138588
-0.00272534
0.00238974
0.00111895
0.00216236
0.00187009
0.00178266
0.00260333
0.00037559
0.00033578
-0.00096633
-0.00195382
0.00037216
-0.00063705
0.00279354
0.00136905
-0.00032683
0.00335160
0.00098231
0.00132287
0.00436892
0.00190584
0.00154466
0.00144342
0.00052696
0.00051023
0.00221246
0.00187071
0.00073011
0.00089591
0.00116966
0.00000175
0.00175418
0.00119689
0.00123783
0.00126592
0.00559064
0.00381719
0.00311279
0.00183395
0.00131880
0.00143796
-0.00179596
0.00062010
0.00299621
0.00069278
0.00107130
0.00124227
0.00365544
0.00150669
0.00151562
0.00262714
0.00188696
0.00085519
0.00106367
0.00168263
0.00126118
0.00319061
0.00400541
0.00198501
0.00081521
0.00004447
-0.00074743
0.00339182
0.00236471
0.00156461
0.00145886
-0.00294941
0.00044962
0.00187504
0.00012330
0.00043210
0.00103187
-0.00141936
-0.00012639
0.00109770
0.00314182
0.00266223
0.00031981
0.00039387
0.00004234
0.00138839
-0.00127273
0.00108275
0.00449919
0.00142842
0.00077160
0.00489280
0.00027592
-0.00040825
0.00300381
0.00148133
0.00075426
0.00254147
0.00149304
0.00106838
-0.00082755
0.00083109
0.00298029
0.00047468
0.00119016
-0.00002559
0.00033676
0.00168517
0.00039139
0.00094328
0.00099621
0.00216165
0.00142231
0.00142546
-0.00005616
0.00087396
0.00182945
0.00154784
0.00152156
0.00259525
0.00106862
0.00141393
0.00143759
0.00091965
0.00090130
0.00115314
0.00048485
0.00113792
-0.00198559
0.00190432
-0.00051557
0.00037108
0.00110982
-0.00057898
0.00072216
0.00176414
0.00073876
0.00115917
-0.00046649
-0.00243529
-0.00074762
-0.00047508
-0.00191180
0.00034453
0.00331417
-0.00168651
0.00267682
-0.00066534
0.00065427
0.00280516
0.00164161
0.00199669
0.00405177
-0.00016277
0.00346557
-0.00237162
0.00318806
0.00172576
0.00134575
0.00067263
0.00212931
0.00139263
0.00294187
-0.00000810
0.00356061
0.00104616
0.00272521
0.00137549
0.00043093
0.00223374
-0.00055588
0.00155333
0.00121861
0.00196991
0.00015212
0.00109839
0.00141560
0.00129335
0.00071013
0.00134628
0.00136886
0.00113379
0.00114095
0.00192238
0.00064875
0.00055023
0.00152265
0.00161749
0.00103816
0.00123585
0.00064942
-0.00060637
0.00082128
0.00286181
0.00018277
0.00032505
0.00093642
0.00055715
0.00275369
0.00140432
0.00336569
0.00185036
0.00093698
0.00062824
0.00113482
0.00134554
0.00026049
0.00102436
0.00050550
0.00049759
0.00014105
0.00035222
0.00032048
0.00267212
0.00111824
0.00221726
0.00131128
0.00142550
0.00098559
0.00226954
0.00144652
0.00146817
0.00132897
0.00256535
0.00138379
0.00090112
0.00043903
0.00171807
0.00130879
0.00005683
0.00109785
0.00068372
-0.00020412
0.00131126
0.00173429
-0.00171488
0.00333641
-0.00027213
0.00199843
0.00136105
0.00238459
0.00124792
0.00134713
0.00354614
0.00098880
0.00201943
0.00201999
0.00390712
0.00095591
0.00139958
0.00139294
0.00130261
-0.00657482
0.00036547
0.00050423
0.00060857
0.00289015
0.00003836
0.00135180
0.00129172
0.00138452
0.00130773
-0.00051290
0.00218702
0.00131457
-0.00028332
0.00092971
0.00028024
-0.00061537
0.00448292
0.00084538
0.00131916
0.00236886
0.00235657
0.00130992
0.00311022
0.00167587
0.00311193
0.00126963
0.00394527
0.00135153
0.00147583
0.00178675
-0.00088530
0.00006165
0.00128185
0.00162300
0.00128896
0.00218601
0.00061199
0.00192507
0.00040764
0.00115227
0.00459070
0.00218520
0.00169639
0.00385915
0.00042415
0.00084121
0.00110962
0.00269028
0.00317834
0.00207376
-0.00000011
0.00377331
0.00175478
-0.00224844
-0.00046068
0.00069811
0.00056993
0.00239486
-0.00052940
0.00150283
0.00067889
0.00132040
0.00276395
0.00209074
-0.00036881
0.00059643
0.00104941
0.00196175
0.00133859
0.00232477
0.00204702
0.00301958
0.00118164
0.00139829
0.00006764
-0.00111081
-0.00095157
0.00094146
0.00106043
0.00389598
0.00123946
0.00093116
0.00148784
0.00138102
0.00113637
-0.00004355
0.00146456
0.00165843
0.00129621
0.00056535
0.00230001
0.00128783
0.00058609
0.00181376
0.00171234
0.00150643
0.00058948
0.00173029
0.00150133
0.00144408
0.00157700
0.00251295
-0.00015218
0.00023971
-0.00247755
0.00233665
0.00151733
0.00115782
0.00200110
0.00087499
0.00129724
0.00009816
0.00124183
0.00128155
0.00121848
0.00078487
0.00163714
-0.00405872
0.00272425
0.00118008
0.00148900
0.00075780
0.00150992
0.00214487
0.00145175
0.00083040
0.00041585
0.00133731
0.00028364
0.00248790
0.00241185
0.00280806
0.00237507
0.00127271
0.00221912
0.00150475
0.00132837
0.00041013
0.00121877
0.00009569
0.00097965
0.00108524
0.00132051
0.00172070
0.00230788
0.00088011
0.00129669
0.00051530
0.00089943
0.00103586
0.00011237
0.00114875
0.00114347
0.00216746
0.00013746
0.00166489
0.00335979
0.00224178
0.00162033
0.00178621
0.00063352
0.00065856
0.00069011
0.00121114
0.00098523
0.00104066
0.00166087
0.00199319
0.00162871
0.00235655
0.00155622
0.00095484
0.00203241
0.00120214
0.00121557
0.00124741
0.00134637
0.00143523
0.00053481
0.00112779
0.00174715
0.00045940
0.00129440
0.00092936
0.00192448
0.00154728
0.00148425
0.00136296
0.00117246
0.00126604
0.00098903
0.00147623
0.00089963
0.00066587
0.00192723
0.00119966
0.00111981
0.00185319
0.00126512
-0.00232960
0.00073676
-0.00108819
0.00279597
0.00119488
0.00156552
0.00182985
0.00118129
0.00249376
0.00200292
0.00130494
0.00134984
0.00098155
0.00150059
0.00161020
0.00024820
0.00048757
0.00159270
0.00072680
0.00199850
0.00068726
0.00099733
0.00120956
0.00160908
0.00122640
0.00121138
0.00118928
0.00028675
0.00062408
0.00148232
0.00097359
0.00179995
0.00135129
0.00058411
0.00062120
0.00189745
0.00103360
0.00132009
0.00104205
0.00156165
0.00113857
0.00168093
0.00261740
0.00196613
0.00150983
0.00238775
0.00158010
-0.00112858
0.00081439
0.00194904
0.00274333
0.00116706
0.00287872
0.00183008
0.00137066
0.00071281
0.00031119
0.00103714
0.00181183
0.00132086
-0.00038171
0.00039848
0.00112134
0.00253890
0.00161876
0.00185696
0.00123255
0.00095522
0.00168704
0.00136776
0.00150545
0.00131617
0.00037589
0.00049341
0.00151481
0.00080710
0.00063767
0.00095428
-0.00011137
0.00104911
0.00085500
0.00058245
0.00046317
0.00103362
0.00101735
0.00136406
0.00099159
0.00131979
0.00082687
0.00118688
0.00165983
0.00119803
0.00125349
0.00102721
0.00233272
0.00148614
0.00136059
0.00204183
0.00143488
0.00021353
0.00106779
0.00368419
0.00027077
0.00126025
0.00126035
0.00247961
-0.00166937
0.00036200
0.00046740
0.00093874
0.00105337
0.00116264
0.00100226
0.00005877
0.00187645
0.00134801
0.00039222
0.00230389
0.00061776
0.00180639
0.00329314
0.00090778
0.00122685
0.00114943
0.00123466
0.00131986
0.00032916
0.00104956
0.00192942
0.00125459
0.00179506
0.00170318
0.00140437
0.00098180
0.00205920
0.00141920
0.00134519
0.00009719
-0.00117833
0.00149357
0.00249577
-0.00110986
0.00029276
0.00332817
0.00147884
-0.00010065
0.00194675
-0.00098103
0.00137167
0.00040562
0.00101208
0.00287963
-0.00072338
0.00152563
0.00128966
0.00228700
0.00159203
-0.00018331
0.00268767
0.00144819
0.00147548
0.00074827
0.00090335
0.00136093
0.00122828
0.00215905
-0.00102515
0.00078914
0.00104308
0.00130498
0.00197534
0.00224920
0.00157513
0.00122573
0.00010017
0.00138468
0.00226862
0.00007978
0.00024314
0.00151714
-0.00017941
-0.00071695
0.00058033
0.00313161
0.00051820
0.00113314
0.00145434
0.00071546
0.00040845
0.00161580
0.00210310
0.00085907
0.00103264
-0.00005770
0.00095387
0.00032056
0.00029665
-0.00036779
0.00107268
0.00006547
0.00175283
0.00163618
-0.00039295
0.00125080
0.00137592
0.00038039
0.00257134
0.00111210
0.00066465
0.00129509
0.00099210
0.00088092
0.00113402
0.00198088
0.00064837
0.00101551
0.00117379
0.00113200
0.00186193
0.00118839
0.00113196
0.00017676
0.00031447
0.00095347
0.00065676
0.00133873
0.00031181
0.00083877
0.00137018
0.00160827
0.00132084
0.00153071
0.00156199
0.00191947
0.00142279
0.00172881
0.00138076
0.00096069
0.00120807
0.00167488
0.00182498
0.00085766
0.00216232
0.00195174
0.00286257
0.00173330
0.00030521
0.00120310
0.00302581
0.00292330
0.00069105
0.00112964
0.00140246
0.00121357
0.00188770
0.00215829
0.00146905
0.00034725
0.00173123
0.00129438
0.00085925
0.00154198
0.00331582
0.00031221
0.00345734
0.00173544
-0.00035159
-0.00091394
0.00174177
0.00048622
0.00127334
0.00090417
0.00290294
-0.00115173
0.00100452
0.00082200
0.00163078
0.00084945
0.00068975
0.00108007
0.00117497
0.00141419
0.00127091
0.00164960
0.00111057
0.00029887
0.00266997
0.00185645
0.00230838
0.00150913
0.00121988
0.00181248
0.00122280
0.00153022
0.00129693
0.00178178
0.00119625
0.00167438
0.00142059
0.00120348
0.00119065
0.00125868
0.00194319
0.00143506
0.00126647
0.00163242
0.00113618
0.00117316
0.00125410
0.00113537
0.00128395
0.00124001
0.00121616
0.00091723
0.00266617
0.00162116
0.00178835
0.00115181
0.00143952
0.00129216
-0.00048225
0.00068783
0.00096081
0.00082420
0.00018113
0.00131338
0.00167406
-0.00009111
0.00106034
0.00113394
0.00118943
-0.00040337
0.00145366
0.00127344
0.00020137
0.00013367
0.00233438
0.00090199
0.00075338
0.00258080
0.00184422
0.00184395
0.00211846
0.00174176
0.00143225
0.00057550
0.00133538
0.00067660
0.00315990
-0.00115150
0.00069577
0.00636141
0.00418774
0.00271066
0.00194075
0.00177909
0.00154927
0.00139095
0.00211204
0.00134514
0.00019764
0.00170329
-0.00022619
0.00097146
0.00013915
0.00233019
-0.00004195
0.00199630
-0.00019757
0.00101604
0.00218036
0.00170142
0.00082543
0.00103729
0.00015760
0.00046059
0.00107383
0.00095333
0.00077718
0.00111511
0.00174353
0.00140695
0.00083720
0.00168934
0.00066995
0.00141915
0.00132426
0.00240537
0.00057226
0.00159431
-0.00080603
0.00239729
0.00298499
0.00055455
0.00161305
0.00153181
0.00134346
0.00083475
0.00083018
-0.00086512
0.00044302
0.00156199
0.00176916
-0.00040445
0.00095879
0.00063182
0.00136662
0.00168756
0.00002631
0.00118689
0.00255784
0.00150029
0.00041222
0.00057169
0.00050112
0.00223372
0.00144830
0.00108454
0.00114752
0.00272202
0.00201305
0.00126905
0.00164105
0.00144256
0.00132591
-0.00071741
0.00091039
-0.00094278
0.00159725
0.00054967
0.00200116
0.00136393
-0.00026795
0.00069436
0.00216269
0.00169956
0.00138540
0.00066666
0.00011005
0.00047691
0.00169219
0.00024519
0.00201584
0.00176726
0.00203646
0.00207332
0.00169564
0.00171144
0.00110339
0.00117068
0.00031803
0.00154173
0.00084200
0.00139511
0.00055989
0.00111267
0.00036628
0.00097802
0.00199059
0.00044928
0.00290883
-0.00030776
0.00408284
0.00200681
0.00287584
0.00280516
0.00210273
0.00115711
0.00145759
0.00145864
0.00077025
0.00325557
0.00096828
0.00185703
0.00180630
0.00068081
0.00056173
0.00238914
-0.00047167
0.00057127
0.00024940
0.00101577
0.00103609
0.00216169
0.00207826
0.00091832
0.00231127
0.00130439
0.00194906
0.00171932
0.00141153
0.00150320
0.00087041
-0.00005656
0.00277545
0.00189642
0.00161775
0.00116076
0.00112980
0.00076057
0.00115287
0.00047759
0.00249653
0.00145597
0.00107180
0.00156873
0.00088512
0.00140872
0.00122088
0.00050858
0.00197295
0.00148969
0.00234019
0.00115695
0.00114893
0.00048076
0.00047041
0.00103414
0.00133380
0.00128926
0.00154723
0.00086755
0.00120950
0.00021304
0.00267240
-0.00174876
0.00399668
0.00052812
0.00122057
0.00014386
-0.00008354
0.00316907
0.00137366
0.00200862
0.00090254
0.00121458
0.00132808
0.00168025
0.00133841
-0.00108211
0.00078192
0.00249407
0.00203203
0.00092993
0.00126777
0.00141577
0.00179797
0.00127717
0.00098724
0.00115160
0.00126643
0.00212190
0.00091989
0.00111144
0.00167510
0.00049452
0.00169932
0.00106758
0.00123160
0.00173046
0.00129128
0.00130195
0.00109544
0.00097330
0.00069126
0.00106709
0.00157205
0.00192751
0.00032102
0.00215293
0.00159926
0.00066868
0.00128025
0.00124003
0.00038029
0.00115002
0.00116826
0.00015371
0.00010649
0.00322681
0.00129532
0.00126215
0.00192136
0.00195600
0.00214118
0.00084298
0.00149534
0.00124250
0.00137060
0.00150935
0.00076816
0.00176635
0.00103393
0.00143974
0.00079470
0.00161896
0.00027101
0.00126313
0.00089458
0.00239363
0.00033282
0.00010987
0.00277527
-0.00024976
0.00117747
0.00117244
0.00026969
0.00211675
0.00132755
0.00130331
0.00295263
0.00212074
0.00132079
0.00138617
0.00090476
0.00121412
0.00174922
0.00149038
0.00208016
0.00230785
0.00112852
0.00134104
0.00274464
0.00110581
0.00134022
0.00100381
0.00130001
0.00039703
0.00040336
0.00167013
0.00130341
0.00127643
0.00096506
0.00122517
0.00152668
0.00143499
0.00132457
0.00003207
0.00228585
0.00093138
0.00120310
0.00124355
0.00207074
0.00142417
0.00203739
0.00155940
0.00103574
0.00103023
0.00171643
0.00143712
0.00102986
0.00123125
0.00097775
0.00100666
0.00129645
0.00186465
0.00153255
0.00213692
0.00149138
0.00164139
-0.00050505
0.00098374
0.00123663
0.00128843
0.00128793
0.00156694
0.00237700
0.00048584
0.00229151
0.00146671
0.00196408
0.00027155
0.00158668
0.00180703
0.00122977
0.00160898
0.00275128
0.00195339
0.00288579
0.00170496
0.00071261
0.00166833
0.00133624
0.00107688
0.00123052
0.00078844
0.00100615
0.00216755
0.00048827
0.00121216
0.00061737
0.00113972
-0.00067786
-0.00175355
-0.00097779
-0.00189036
0.00132432
0.00055908
0.00189131
0.00131939
0.00177435
-0.00164079
0.00186374
0.00159264
0.00220979
0.00143730
0.00067533
0.00161631
0.00094701
0.00311548
0.00059513
0.00120943
0.00216126
0.00435936
0.00194082
0.00230945
0.00193772
-0.00049830
0.00231010
0.00153122
0.00074133
0.00036173
0.00250987
0.00145703
0.00157645
0.00139485
0.00201940
-0.00223748
0.00294650
0.00135750
-0.00094301
0.00058534
0.00099191
0.00011002
-0.00049684
0.00080592
0.00251806
0.00015626
-0.00030293
0.00163144
0.00103117
0.00113460
-0.00050000
0.00404712
0.00169510
0.00147677
-0.00183596
0.00120758
0.00284649
0.00167587
0.00071677
0.00259133
0.00414827
0.00193895
-0.00040338
0.00089278
0.00110401
0.00410140
0.00205077
-0.00005462
-0.00078308
0.00372108
0.00301097
0.00172745
0.00219356
0.00323871
0.00017902
0.00275481
0.00135951
0.00180345
0.00093629
-0.00052930
0.00206792
0.00034801
0.00108159
0.00172254
0.00226060
-0.00009980
0.00233589
-0.00011634
0.00230902
0.00112217
0.00128188
0.00013164
0.00097100
0.00211925
0.00062413
0.00189856
-0.00199898
0.00148205
-0.00028845
0.00085085
0.00208595
0.00168282
0.00138448
-0.00003191
0.00275692
0.00060406
0.00089339
0.00006960
-0.00070883
0.00213533
0.00058061
0.00159056
0.00056108
-0.00040769
0.00084897
0.00103139
0.00272533
0.00258916
0.00043741
0.00122564
0.00206070
0.00116128
0.00224792
0.00146008
0.00142250
0.00230887
0.00045869
0.00139432
0.00017930
0.00101974
0.00014924
0.00240211
0.00084189
-0.00141505
0.00084075
0.00125067
0.00290637
0.00210478
0.00127292
0.00267338
0.00161416
-0.00077546
0.00090197
0.00209527
0.00052994
0.00111593
0.00137569
0.00202323
0.00161640
0.00139291
0.00095273
0.00159494
0.00175247
0.00115619
0.00127790
0.00054352
0.00075593
0.00177266
0.00185361
0.00181254
0.00155044
0.00139163
0.00170966
0.00175475
0.00260723
0.00171340
0.00107472
0.00079907
0.00239450
0.00225715
0.00035020
0.00244502
0.00156521
0.00254928
0.00064615
-0.00248227
0.00148334
0.00252003
0.00018593
0.00157060
0.00088022
0.00106600
0.00139701
0.00130683
0.00000072
0.00151066
0.00145295
-0.00011650
0.00096699
0.00152390
0.00101475
0.00277179
0.00095224
-0.00036556
-0.00109676
0.00089828
0.00114854
0.00055553
0.00051985
0.00164355
0.00105499
0.00081153
0.00153076
0.00041513
0.00108150
-0.00066192
0.00093929
0.00137572
0.00181254
0.00073864
0.00126462
0.00117786
0.00145557
0.00171523
0.00176916
0.00113329
0.00126631
0.00205622
0.00222781
0.00036434
0.00219574
0.00225729
0.00091479
0.00080767
0.00117426
0.00172080
0.00159188
0.00367264
0.00033019
0.00064849
-0.00003009
0.00214434
0.00331644
0.00290867
0.00033922
0.00000565
0.00257105
0.00173009
0.00140650
0.00310334
0.00105357
0.00175799
0.00248878
0.00174221
0.00200212
0.00098713
0.00129078
0.00202515
0.00193200
0.00146109
0.00021789
0.00110047
0.00220760
0.00065535
0.00120188
