-0.00121766
-0.00106690
-0.00190851
0.00044602
-0.00155899
-0.00013689
-0.00052017
-0.00056841
-0.00044388
-0.00045785
-0.00042914
0.00092553
-0.00074175
-0.00021793
0.00108633
-0.00163268
-0.00037691
-0.00136179
0.00052372
-0.00028083
-0.00122580
-0.00024660
-0.00023234
-0.00071421
-0.00279477
-0.00152962
-0.00100518
-0.00125387
0.00069484
-0.00046958
0.00081259
-0.00081307
-0.00020729
-0.00019503
-0.00019574
-0.00099248
-0.00026451
-0.00064910
0.00002649
-0.00058734
0.00059368
-0.00043732
0.00003131
-0.00086534
-0.00061479
-0.00077257
-0.00145726
-0.00266879
-0.00024334
-0.00160586
0.00227595
-0.00193537
-0.00007666
-0.00014371
-0.00033243
-0.00041455
0.00034942
-0.00181014
0.00084330
-0.00083075
-0.00061805
-0.00054278
-0.00063049
-0.00044380
-0.00060749
-0.00055205
-0.00008695
-0.00089234
-0.00012410
-0.00059773
-0.00102378
0.00002431
-0.00064351
-0.00080961
-0.00083124
-0.00024530
-0.00092177
0.00052911
-0.00078321
0.00005555
-0.00131645
-0.00018581
-0.00127789
-0.00030871
-0.00021688
-0.00037180
-0.00139206
-0.00053683
-0.00082752
-0.00095709
-0.00031942
-0.00025098
-0.00059779
0.00021908
-0.00018643
-0.00017917
-0.00094879
-0.00001328
-0.00014345
-0.00154148
0.00042379
0.00023779
-0.00171886
-0.00004241
-0.00098978
0.00005509
-0.00064480
-0.00031429
-0.00052511
-0.00038280
-0.00054282
-0.00053679
-0.00075152
0.00027183
-0.00139234
0.00004295
-0.00116140
-0.00030885
-0.00071302
-0.00039392
-0.00029892
-0.00065535
-0.00025072
-0.00054726
-0.00041696
-0.00089025
0.00014804
-0.00003001
0.00057757
-0.00048861
-0.00031741
-0.00093003
-0.00223050
-0.00064821
-0.00071133
-0.00052596
-0.00044604
-0.00010559
0.00031799
-0.00058796
-0.00101840
-0.00058831
0.00008754
-0.00118705
-0.00112513
0.00052295
-0.00164435
-0.00007324
-0.00054312
-0.00059049
-0.00044896
0.00120860
-0.00118978
-0.00013789
-0.00094708
-0.00001418
-0.00058830
-0.00171314
0.00018841
-0.00087568
-0.00030469
-0.00071045
-0.00025713
-0.00077260
-0.00050826
-0.00002332
-0.00083005
-0.00090044
0.00014521
-0.00069288
-0.00019907
-0.00129882
0.00011338
-0.00080361
-0.00101055
0.00017283
-0.00028503
-0.00048757
-0.00047525
-0.00015057
-0.00027318
-0.00053795
-0.00034178
-0.00044868
-0.00119735
-0.00079547
-0.00085406
-0.00070874
-0.00097694
-0.00119088
-0.00156621
-0.00014957
-0.00167532
0.00034551
-0.00034797
0.00026874
-0.00036101
-0.00055010
-0.00060436
-0.00004252
-0.00029245
-0.00005878
-0.00032858
-0.00048484
-0.00053550
-0.00043937
-0.00068257
-0.00038341
-0.00044294
-0.00033557
-0.00025616
-0.00041005
-0.00044468
-0.00107300
0.00017040
-0.00059539
-0.00029415
-0.00072552
-0.00047641
0.00007448
-0.00054274
-0.00074061
-0.00001725
-0.00129880
-0.00064297
-0.00138371
-0.00040612
-0.00064794
-0.00084341
-0.00036389
-0.00176089
-0.00082822
-0.00152906
-0.00063106
-0.00068561
0.00030831
-0.00010198
0.00011040
0.00050163
-0.00013204
0.00020387
0.00087480
-0.00140836
-0.00026099
-0.00110921
-0.00085030
-0.00105792
-0.00057836
-0.00059556
-0.00014266
-0.00062147
-0.00052644
-0.00048507
-0.00037213
0.00004931
-0.00030905
0.00071828
-0.00043938
-0.00075071
-0.00181210
0.00048886
-0.00190212
-0.00014404
-0.00074252
-0.00062703
-0.00043982
-0.00043472
0.00032179
-0.00048142
-0.00025268
-0.00056921
-0.00022022
-0.00062551
-0.00172992
-0.00049858
-0.00050626
-0.00137165
-0.00030280
-0.00042997
0.00022605
-0.00012261
-0.00023839
-0.00077609
-0.00034932
-0.00029417
-0.00106901
-0.00055941
-0.00024848
0.00077524
-0.00003602
0.00009374
-0.00081810
-0.00011866
-0.00093910
-0.00075112
-0.00077591
-0.00126309
-0.00069733
-0.00006058
-0.00140457
-0.00012021
-0.00049208
-0.00041221
-0.00080568
-0.00028281
-0.00061907
-0.00045219
-0.00112476
-0.00058637
0.00028839
-0.00046260
0.00020338
-0.00029321
-0.00041664
-0.00082066
-0.00082840
-0.00087598
-0.00077712
-0.00083230
0.00016773
-0.00061403
-0.00091312
-0.00082802
0.00056794
-0.00153866
-0.00049239
-0.00064259
-0.00040704
-0.00044649
-0.00054163
-0.00012488
0.00076093
-0.00059776
-0.00033512
-0.00070972
-0.00040616
-0.00082273
-0.00045392
-0.00035730
-0.00074815
-0.00244231
-0.00047397
-0.00102617
-0.00031899
-0.00034036
-0.00029261
-0.00042944
-0.00014333
-0.00009988
-0.00018709
-0.00052655
-0.00066420
-0.00049878
-0.00003634
-0.00085289
-0.00045681
-0.00049986
-0.00074533
-0.00019431
-0.00064603
-0.00060000
-0.00075934
-0.00040293
-0.00050553
-0.00039185
-0.00078955
-0.00001251
-0.00153683
0.00007916
-0.00121388
0.00006059
-0.00089234
-0.00076459
0.00093668
-0.00115573
0.00089680
-0.00086420
-0.00020123
-0.00056467
-0.00060267
-0.00068138
0.00108810
-0.00078496
-0.00050845
-0.00069054
-0.00064457
-0.00076883
-0.00072617
-0.00055935
-0.00112684
-0.00017270
-0.00109416
-0.00095721
-0.00089556
-0.00074862
-0.00039405
-0.00038422
-0.00042312
-0.00127296
-0.00035785
-0.00048102
0.00006695
-0.00017393
0.00007544
-0.00035973
-0.00019966
-0.00050119
-0.00037429
-0.00088711
0.00007648
-0.00123847
-0.00059634
-0.00078968
-0.00050867
-0.00043375
-0.00088482
-0.00037139
0.00114973
-0.00041944
0.00009618
-0.00093121
-0.00072097
-0.00080753
-0.00064924
-0.00054136
-0.00048276
-0.00089754
-0.00110616
-0.00027813
-0.00021133
-0.00081288
0.00002189
-0.00064442
-0.00042539
0.00009631
-0.00057032
-0.00052287
-0.00045207
-0.00158968
-0.00035493
-0.00090148
-0.00032289
-0.00135506
-0.00063128
-0.00054094
-0.00035685
-0.00018049
-0.00017450
-0.00058788
-0.00050753
-0.00040837
-0.00084672
-0.00032648
-0.00077900
-0.00111108
0.00002485
-0.00026076
-0.00011577
-0.00014473
-0.00048232
-0.00089190
0.00033543
-0.00053146
-0.00013469
-0.00064769
-0.00027410
-0.00129433
-0.00044597
-0.00000982
-0.00053872
-0.00049162
-0.00077076
-0.00026754
-0.00059957
-0.00052984
-0.00041831
-0.00007892
-0.00065365
-0.00046441
-0.00041810
-0.00040946
-0.00021075
-0.00092417
-0.00051169
-0.00016055
-0.00049875
-0.00072344
-0.00088234
-0.00055986
0.00047840
-0.00256841
-0.00004626
-0.00045552
-0.00063358
-0.00061411
-0.00011174
-0.00073918
-0.00072956
-0.00081690
-0.00051382
-0.00044461
-0.00016081
-0.00099858
-0.00024998
-0.00061412
-0.00002387
-0.00019087
-0.00044173
-0.00039167
0.00175476
-0.00129391
0.00003553
-0.00074034
-0.00046907
-0.00086186
-0.00171514
-0.00076526
-0.00108588
-0.00040791
-0.00073041
-0.00063939
0.00026028
-0.00071454
-0.00013744
-0.00055445
-0.00065248
-0.00004813
-0.00056700
-0.00048692
-0.00067757
-0.00150491
-0.00064558
-0.00017664
-0.00039828
-0.00087609
-0.00048495
-0.00115120
0.00051069
-0.00062588
-0.00047818
0.00008471
-0.00015255
-0.00027515
-0.00054936
-0.00046161
-0.00043787
-0.00135586
-0.00012711
-0.00055824
-0.00036412
-0.00054398
-0.00056564
-0.00013595
-0.00078934
-0.00069970
-0.00056321
-0.00047803
-0.00000985
-0.00059200
-0.00025715
-0.00069608
-0.00000091
-0.00004742
-0.00094760
-0.00041595
-0.00072956
-0.00076058
-0.00088564
-0.00053733
-0.00092601
-0.00049148
-0.00054183
0.00050342
-0.00014196
-0.00029272
-0.00066690
-0.00243099
0.00107499
-0.00185791
0.00063511
-0.00133109
-0.00008630
0.00018151
-0.00046346
-0.00040354
-0.00133670
0.00010308
-0.00168517
0.00024372
-0.00096265
-0.00008719
-0.00115229
0.00061507
-0.00144691
-0.00010407
-0.00006152
-0.00110365
-0.00085247
-0.00086312
-0.00032321
-0.00035923
-0.00031810
-0.00106174
0.00007014
-0.00052699
-0.00024809
-0.00044766
-0.00059967
-0.00051427
-0.00136488
-0.00015453
-0.00086492
0.00024180
0.00046063
-0.00029404
0.00051219
-0.00132820
-0.00019987
-0.00093026
-0.00100960
-0.00120259
-0.00060727
-0.00005336
0.00060205
-0.00137624
-0.00020953
-0.00126092
-0.00028830
-0.00080674
-0.00007011
-0.00022708
-0.00014940
-0.00100024
-0.00043850
-0.00062035
-0.00050479
-0.00054238
-0.00047335
0.00052373
-0.00162489
-0.00048117
-0.00061549
-0.00003331
-0.00030175
-0.00044976
-0.00065168
-0.00100489
-0.00062039
-0.00090285
-0.00017466
-0.00021911
-0.00031208
-0.00090883
-0.00031009
-0.00005820
-0.00101966
-0.00036943
-0.00138168
-0.00056640
-0.00015876
-0.00039391
-0.00039279
0.00084562
-0.00080944
-0.00008159
-0.00134483
0.00047677
-0.00081465
-0.00057981
-0.00061361
-0.00062780
-0.00087772
-0.00028140
-0.00065799
-0.00068336
-0.00061883
-0.00052925
-0.00048569
-0.00056535
-0.00041243
-0.00017411
-0.00037889
-0.00044653
-0.00097777
-0.00068483
-0.00115580
-0.00025533
-0.00058020
-0.00042207
-0.00043939
-0.00040219
-0.00083884
-0.00034864
-0.00035476
-0.00038967
-0.00045275
-0.00050749
-0.00042417
-0.00044576
-0.00071200
-0.00105541
0.00000236
-0.00060487
0.00008544
-0.00052793
-0.00032658
-0.00055898
-0.00021353
-0.00055541
-0.00068827
-0.00053811
-0.00047420
-0.00028257
-0.00067102
-0.00025576
-0.00067567
-0.00053151
-0.00068924
-0.00039804
-0.00083285
-0.00042630
-0.00029948
0.00010789
-0.00036080
-0.00092067
-0.00048037
-0.00027871
-0.00106101
-0.00045678
-0.00003609
-0.00028773
-0.00045910
-0.00068275
-0.00215748
0.00084599
-0.00126650
0.00043458
-0.00048869
0.00006368
-0.00157189
-0.00077297
-0.00101771
-0.00043327
-0.00052904
-0.00121852
0.00028255
-0.00056687
-0.00094880
-0.00100411
0.00007148
-0.00036811
0.00055479
-0.00008087
-0.00099004
0.00045177
-0.00103050
-0.00021380
-0.00010476
-0.00115784
-0.00067367
-0.00131403
-0.00069030
-0.00070367
-0.00030145
-0.00015282
-0.00074272
-0.00042931
0.00051492
-0.00048074
-0.00091191
0.00025192
-0.00126344
-0.00018075
-0.00123089
-0.00016436
-0.00069653
-0.00080397
-0.00115658
0.00076618
-0.00064549
-0.00024350
-0.00056104
-0.00011583
-0.00057482
-0.00083496
-0.00091752
-0.00028992
-0.00025907
-0.00056753
-0.00009143
-0.00091643
-0.00039403
0.00012010
-0.00142119
-0.00032091
-0.00109126
0.00035254
-0.00176855
-0.00031995
-0.00022531
-0.00040926
-0.00033547
-0.00018496
-0.00043738
-0.00031450
-0.00044930
-0.00049078
-0.00090689
-0.00036134
-0.00093655
-0.00032391
-0.00059426
-0.00038806
-0.00049441
0.00073006
-0.00109662
0.00015576
-0.00073518
0.00059431
-0.00080450
-0.00058575
-0.00085197
-0.00145145
-0.00085626
-0.00021716
-0.00071381
-0.00078648
-0.00023548
-0.00056774
-0.00042101
-0.00154660
-0.00022829
-0.00060236
-0.00011379
-0.00114027
-0.00014966
-0.00059600
-0.00016407
-0.00035916
-0.00032235
0.00009112
-0.00111431
-0.00035360
-0.00063335
-0.00053835
-0.00029825
0.00005570
-0.00062527
-0.00052058
-0.00059387
-0.00053057
-0.00084388
-0.00050169
-0.00058217
-0.00046590
-0.00067866
-0.00052591
-0.00037062
-0.00049629
-0.00041727
-0.00034112
-0.00073954
-0.00025019
-0.00159490
-0.00041267
-0.00103633
-0.00009000
-0.00108540
-0.00001206
-0.00043206
-0.00010027
-0.00037607
-0.00107719
-0.00000010
-0.00015038
-0.00027004
-0.00032790
0.00004558
-0.00091346
-0.00082156
0.00014732
-0.00064836
0.00044277
-0.00114360
-0.00034190
0.00004018
0.00156816
-0.00058058
-0.00096037
-0.00108910
-0.00192942
-0.00031830
-0.00241340
-0.00038254
-0.00100112
-0.00027417
-0.00048628
-0.00018134
-0.00035944
-0.00091281
-0.00017506
-0.00073861
-0.00026731
-0.00032955
-0.00016725
-0.00040821
-0.00017485
0.00054508
-0.00159755
-0.00026352
-0.00102956
-0.00101171
-0.00100425
0.00012672
-0.00054889
-0.00022251
-0.00087070
-0.00104459
0.00106909
-0.00102488
0.00138924
-0.00156952
0.00118254
-0.00114067
-0.00100361
-0.00062335
-0.00083834
-0.00142938
0.00022365
-0.00145217
-0.00012220
-0.00056319
-0.00007242
-0.00055705
0.00091858
0.00017554
-0.00115166
-0.00034600
-0.00110701
-0.00043123
-0.00089842
-0.00199626
-0.00163214
-0.00104756
-0.00051559
-0.00014141
0.00018996
-0.00065689
0.00022691
-0.00025909
0.00004555
-0.00028690
-0.00038636
-0.00036380
-0.00111275
0.00011065
-0.00076124
-0.00041943
-0.00064404
-0.00065708
-0.00067513
-0.00055377
0.00009308
-0.00079417
-0.00036554
-0.00000391
-0.00056007
0.00026355
-0.00204921
-0.00081653
-0.00159314
-0.00013049
-0.00058153
0.00033460
-0.00089022
-0.00027389
-0.00037231
-0.00037536
-0.00077907
-0.00044728
-0.00051547
-0.00041693
-0.00029558
-0.00059222
-0.00034517
-0.00051211
0.00038254
-0.00124901
-0.00023293
-0.00093495
-0.00044247
-0.00054885
-0.00096991
-0.00116504
-0.00095479
0.00013787
-0.00011306
-0.00070950
0.00002277
-0.00052283
-0.00020712
-0.00034627
-0.00041582
0.00040950
-0.00060295
-0.00132241
-0.00116779
-0.00070499
-0.00053061
-0.00005351
0.00047291
-0.00042068
0.00078711
-0.00070980
-0.00015640
-0.00143203
-0.00063285
-0.00070520
-0.00070107
-0.00062098
-0.00072780
-0.00074647
0.00004336
-0.00064858
-0.00036990
-0.00060342
-0.00075517
-0.00144436
-0.00080020
-0.00088370
0.00046830
0.00001963
0.00057189
-0.00108908
-0.00012946
-0.00081034
-0.00012464
-0.00064572
-0.00149907
-0.00098953
-0.00089537
0.00002163
-0.00055683
-0.00021953
-0.00008741
-0.00085384
-0.00147182
-0.00028363
-0.00079800
-0.00112488
0.00015022
-0.00040976
-0.00022455
0.00088713
0.00039850
-0.00081195
-0.00027881
-0.00071805
-0.00076604
-0.00130287
-0.00047794
-0.00076415
-0.00054363
-0.00077481
0.00005515
-0.00076281
-0.00030589
-0.00102674
-0.00061490
-0.00089944
-0.00106807
-0.00072314
-0.00067051
-0.00021959
-0.00105545
0.00034254
-0.00007268
0.00220579
0.00021427
0.00053805
-0.00054467
-0.00168722
-0.00100401
-0.00153483
-0.00110455
-0.00075025
-0.00066246
-0.00093404
-0.00034877
-0.00029854
-0.00045327
-0.00019001
-0.00078360
-0.00000494
-0.00269677
-0.00007063
-0.00153354
0.00054081
-0.00013894
-0.00008030
-0.00024215
-0.00065407
-0.00034298
0.00029567
0.00021680
-0.00040786
-0.00023619
-0.00076148
-0.00059938
-0.00098179
-0.00018939
-0.00075670
-0.00184341
-0.00051230
-0.00100222
0.00010641
-0.00050865
