0.00821932
0.00269550
0.00202112
0.00267732
0.00319786
0.00495064
0.00144550
0.00164513
0.00147694
0.00748812
0.00627917
-0.01176965
-0.00240049
0.00117243
-0.00381206
0.00123142
0.00315921
0.00698110
0.00720905
0.00080555
0.00681254
0.00335626
-0.00539553
-0.00357053
-0.00138581
0.00794829
0.00716551
0.00590233
0.00016075
0.00395009
0.00235339
0.00111885
0.00557621
-0.00534053
0.00004491
0.00375213
0.00488981
0.00610285
0.00308697
0.00739864
-0.00383607
-0.00040241
-0.00216589
0.00242276
0.00315588
-0.00150308
-0.00022269
0.00978424
0.00627321
0.00934346
0.00132459
0.00172292
0.00393484
0.00016321
0.00172597
0.00569719
0.00118081
0.00147241
-0.00077642
0.00006047
0.00686766
-0.00148244
0.00365745
0.00042319
0.00104043
0.00569630
0.00140540
0.00427002
0.00184596
-0.00163768
0.00477592
0.00334619
0.00345986
0.00102687
0.00315615
0.00609770
-0.00043505
-0.00170507
-0.00122178
0.00163999
0.00472571
0.00500871
0.00303946
-0.00030760
0.00634360
0.00576568
0.00196657
-0.00071137
0.00239573
0.00367683
0.00322215
-0.00146341
0.00462559
-0.00168285
0.00072765
0.00188524
0.00332338
0.00280453
0.00118144
0.00310080
0.00282831
0.00222941
0.00313213
0.00262168
-0.00099552
0.00149114
0.00225995
0.00658251
0.00186843
0.00196877
0.00649945
0.00544575
-0.00030985
0.00145705
-0.00056721
0.00114533
0.00223660
0.00239392
0.00235067
0.00233567
0.00229231
0.00230885
0.00351018
0.00321718
0.00100403
0.00142749
0.00723516
0.00406991
-0.00207520
0.00365283
0.00246145
-0.00131729
0.00434931
0.00220217
0.00125220
0.00565651
0.00158982
0.00120290
0.00335214
0.00516632
0.00024532
0.00028748
0.00603631
0.00110281
0.00156344
0.00139994
0.00291036
0.00091054
0.00337544
-0.00155759
-0.00079066
0.00282568
0.00494085
0.00420108
0.00176756
0.00262411
0.00326389
0.00140439
0.00096899
0.00266726
0.00277297
0.00170454
0.00334065
0.00224012
0.00228517
0.00268746
0.00072770
0.00169279
0.00231597
0.00249664
0.00230854
0.00472929
0.00406948
0.00147179
0.00172691
0.00029635
0.00257488
0.00132744
0.00446349
0.00314385
0.00172991
0.00178180
0.00046709
0.00082469
0.00416472
0.00300942
0.00354012
0.00279117
0.00057174
0.00382422
0.00190156
0.00199401
0.00058176
0.00276548
0.00314640
0.00390828
0.00420640
0.00112014
-0.00016446
0.00182185
0.00429504
0.00433435
0.00349562
0.00021730
-0.00405242
0.00145588
0.00267847
0.00556530
0.00351054
-0.00098724
0.00239994
0.00435433
0.00044510
0.00028425
-0.00030240
0.00068681
0.00571347
0.00308692
0.00235213
0.00418880
0.00235489
0.00349206
-0.00154738
0.00106980
0.00321088
0.00350492
0.00147636
0.00152484
0.00187472
0.00210030
0.00261341
0.00443265
0.00303050
0.00117835
0.00182747
0.00160167
0.00160301
0.00351752
0.00294048
0.00338925
0.00477250
0.00092535
0.00135434
0.00178184
0.00193762
0.00296731
0.00182179
0.00146432
-0.00025246
0.00393302
0.00245735
0.00216401
0.00204137
0.00213770
0.00366852
0.00199032
0.00167648
0.00475831
0.00367013
0.00097324
0.00259370
0.00302420
0.00273195
0.00127388
0.00011628
0.00181293
0.00227666
0.00277416
0.00268461
0.00169724
0.00181006
0.00437172
0.00102515
0.00174201
0.00214884
0.00334646
0.00183830
0.00428107
0.00242960
0.00167117
0.00219102
0.00229764
0.00205532
0.00253642
0.00232443
0.00249486
0.00120351
0.00283158
0.00117919
0.00148253
0.00406876
0.00318976
0.00242281
0.00301819
0.00266115
0.00187369
0.00164615
0.00186794
0.00238031
0.00152074
0.00372157
0.00373662
0.00312121
0.00199760
0.00198856
0.00210203
0.00217047
0.00237091
0.00066809
0.00414898
0.00168741
0.00545226
0.00090922
0.00178588
0.00243480
0.00275774
0.00219285
0.00208057
0.00168195
0.00345818
0.00326481
0.00307144
0.00048006
0.00247245
0.00145606
0.00227819
0.00153819
0.00158779
0.00334758
0.00272643
0.00237399
0.00235605
0.00086521
0.00249448
0.00269404
0.00260994
0.00152734
0.00288041
0.00283548
0.00186208
0.00179245
0.00253060
0.00170043
0.00399528
0.00349373
0.00312411
0.00016278
0.00020329
0.00245841
0.00217240
0.00164372
0.00325494
-0.00005545
0.00276960
0.00331201
0.00180670
0.00291978
0.00242108
0.00210148
0.00220607
0.00414588
0.00262138
0.00186063
0.00163346
0.00185364
0.00310928
0.00179484
0.00091533
0.00136985
0.00131679
0.00336578
0.00326864
0.00149317
0.00273610
0.00248951
0.00274421
0.00217222
0.00106703
0.00212403
0.00168402
0.00213953
0.00256784
0.00253367
0.00396481
0.00443651
0.00232467
0.00197640
0.00279082
0.00211151
0.00258669
0.00271152
0.00163548
0.00188124
0.00117294
0.00184531
0.00380275
0.00195988
0.00227045
0.00069366
0.00260986
0.00281381
0.00287537
0.00146499
0.00047267
0.00053849
0.00242946
0.00269055
0.00232545
0.00230628
0.00348260
0.00344358
0.00351816
0.00222217
0.00258045
0.00311927
0.00230131
0.00297222
0.00188024
0.00235163
0.00221476
0.00173163
0.00221109
0.00198273
0.00198683
0.00199506
0.00296272
0.00358279
0.00242892
0.00176325
0.00273148
0.00216680
0.00155246
0.00126747
0.00165031
0.00302557
0.00295003
0.00202252
0.00151956
0.00313576
0.00094497
0.00108556
0.00302018
0.00427559
0.00175209
0.00112007
0.00102153
0.00099856
0.00322548
0.00309147
0.00259055
0.00243565
0.00250831
0.00244027
0.00176831
0.00312093
0.00253275
0.00310275
0.00231326
0.00201897
0.00234845
0.00173198
0.00291349
0.00248902
0.00206171
0.00208469
0.00171927
0.00224351
0.00268796
0.00300243
0.00211786
0.00180177
0.00197974
0.00231258
0.00213816
0.00199445
0.00251618
0.00259881
0.00211026
0.00212051
0.00217831
0.00336980
0.00130923
0.00155614
0.00040260
0.00222622
0.00370577
0.00316568
0.00293654
0.00266217
0.00338762
0.00330563
0.00293548
0.00171323
0.00198263
0.00169330
0.00238629
0.00261500
0.00182682
0.00193302
0.00234958
0.00238714
0.00150368
0.00224322
0.00211883
0.00364396
0.00146696
0.00292918
0.00217351
0.00182462
0.00175498
0.00201143
0.00131033
0.00291841
0.00128660
0.00143570
0.00454915
0.00365367
0.00220184
0.00281342
0.00167300
0.00027964
0.00157348
0.00151456
0.00191106
0.00263412
0.00263348
0.00250304
0.00242997
0.00242572
0.00428638
0.00126153
0.00229880
0.00334112
0.00303385
0.00252622
0.00227615
0.00204785
0.00232422
0.00257052
0.00087850
0.00343689
0.00263682
0.00281972
0.00269708
0.00254507
0.00465272
0.00055424
0.00166561
0.00275899
0.00335776
0.00300154
0.00068384
0.00289015
0.00351559
0.00248180
0.00270995
0.00074966
0.00457011
0.00211635
0.00283493
0.00121203
0.00258204
0.00276107
0.00162666
0.00077032
0.00234176
0.00262129
0.00143684
0.00240886
0.00152247
0.00097597
0.00395910
0.00301576
0.00313826
0.00286472
0.00236571
0.00147943
0.00190299
0.00199462
0.00287607
0.00215138
0.00248232
0.00160064
0.00185470
0.00199513
0.00221261
0.00229332
0.00095338
0.00337252
0.00186507
0.00239800
0.00203974
0.00180800
0.00386982
0.00356393
0.00281724
0.00184221
0.00150129
0.00147515
0.00248142
0.00206114
0.00208101
0.00152466
0.00292719
0.00194126
0.00421946
0.00382748
0.00203927
0.00254798
0.00059152
0.00276975
0.00292505
0.00264660
0.00223877
0.00066106
0.00308689
0.00231552
0.00291862
0.00290708
0.00325029
0.00020349
0.00191344
0.00296053
0.00400259
0.00264541
0.00228387
0.00215714
0.00219128
0.00251225
0.00275481
0.00212316
0.00087102
0.00141434
0.00178771
0.00316393
0.00208753
0.00214691
0.00154383
0.00223539
0.00308527
0.00183070
0.00156878
0.00329513
0.00235586
0.00377521
0.00210145
0.00182949
0.00145525
0.00209717
0.00198461
0.00311849
0.00291745
0.00110005
0.00176878
0.00344010
0.00280861
0.00289485
0.00308593
0.00133186
0.00140378
0.00179161
0.00170942
0.00193477
0.00144117
0.00150847
0.00307507
0.00224164
0.00148574
0.00358720
0.00268263
0.00240296
0.00026123
0.00306112
0.00322083
0.00322957
0.00258417
0.00319233
0.00309129
0.00132486
0.00133784
0.00248735
0.00236605
0.00157725
0.00172243
0.00514884
0.00246476
0.00097628
0.00133635
0.00237918
0.00139973
0.00371288
0.00303219
0.00259887
0.00251404
0.00090742
0.00185822
0.00120337
0.00234222
0.00252965
0.00405312
-0.00016303
0.00289159
0.00331385
0.00346957
0.00264347
0.00311199
0.00064779
0.00370993
0.00363287
0.00358061
0.00305450
0.00145915
0.00015277
0.00283968
0.00349383
0.00071734
-0.00012794
0.00177120
0.00413539
0.00263757
0.00357322
0.00257292
0.00041974
0.00161557
0.00247323
0.00328813
0.00237329
0.00257531
0.00251839
0.00214499
0.00297513
0.00282849
0.00123879
0.00313544
0.00197880
0.00146224
0.00293019
0.00317522
0.00197104
0.00245368
0.00169790
0.00184434
0.00299862
0.00288625
0.00160471
0.00333802
0.00319952
0.00126135
0.00069362
0.00132599
0.00204935
0.00085926
0.00464557
0.00338624
0.00335452
0.00142543
0.00293508
0.00203549
0.00277521
0.00245323
0.00179060
0.00298582
0.00165524
0.00170364
0.00233876
0.00386149
0.00186152
0.00190817
0.00167519
0.00258398
0.00088845
0.00227861
0.00256607
0.00232352
0.00248379
0.00245282
0.00238714
0.00161056
0.00386555
0.00359376
0.00232773
0.00152893
0.00203423
0.00220578
0.00102474
0.00302365
0.00397868
0.00254384
0.00434954
-0.00168881
0.00359334
0.00396882
0.00003979
0.00058998
0.00323573
0.00043467
0.00124448
0.00365265
0.00392878
0.00164609
0.00382374
0.00337635
0.00266055
0.00241166
0.00210309
0.00162214
0.00180197
0.00133119
0.00092116
0.00218485
0.00387192
0.00180432
0.00020581
-0.00046523
0.00315814
0.00203587
0.00206260
0.00386530
0.00227027
0.00316107
0.00267367
0.00243001
0.00421131
0.00441198
0.00182664
0.00113423
0.00219760
0.00279908
0.00264339
0.00171229
0.00232808
0.00138617
0.00271888
0.00282739
0.00204881
0.00140850
0.00244506
0.00331627
0.00256665
0.00234005
0.00467013
0.00085586
0.00110217
0.00169626
0.00190948
0.00345606
0.00142994
0.00107175
0.00215372
0.00238481
0.00358403
0.00163339
0.00160133
0.00131430
0.00166727
0.00241481
0.00334196
0.00521499
0.00234972
0.00169919
0.00096194
0.00152692
0.00369345
0.00229406
0.00343595
0.00138372
0.00126655
0.00057779
0.00434968
0.00121503
0.00169598
0.00431745
0.00127436
0.00222310
0.00302775
0.00282462
0.00210325
0.00293151
0.00240636
0.00018509
0.00366575
0.00367409
0.00203244
0.00250891
0.00155491
0.00213013
0.00317422
0.00305814
0.00193477
0.00352372
0.00122118
0.00028016
0.00237682
0.00266477
0.00205991
0.00208843
0.00235352
0.00376144
0.00256693
0.00101022
0.00199917
0.00144646
0.00293832
0.00129072
0.00349244
0.00339770
0.00282370
0.00268075
0.00250302
0.00221448
0.00145215
0.00002164
-0.00079247
0.00389390
0.00400159
0.00329380
0.00215580
-0.00134055
0.00184955
-0.00100814
0.00455167
0.00173122
0.00133510
0.00364704
0.00278237
0.00663686
0.00552206
-0.00007944
0.00219317
0.00446513
0.00091282
0.00033914
0.00381655
0.00369652
0.00133232
0.00687720
0.00106934
0.00199676
0.00051664
0.00459205
-0.00011540
0.00120058
0.00004286
0.00335347
0.00348550
0.00192471
0.00328474
-0.00196517
0.00378990
0.00512998
0.00241396
0.00282621
0.00272255
0.00028844
0.00078014
0.00381849
0.00197283
0.00287744
0.00400730
0.00422648
0.00205451
0.00180070
0.00093750
0.00445087
0.00411001
-0.00042176
-0.00056732
-0.00083016
0.00031300
0.00379051
0.00431880
0.00249900
0.00362171
0.00126383
-0.00015547
0.00279647
0.00342637
0.00246947
0.00185592
0.00235891
0.00172464
0.00185585
0.00286850
0.00271855
0.00560213
0.00472173
-0.00031632
0.00105129
0.00194532
0.00081961
0.00145745
0.00262844
0.00200095
0.00241791
0.00162672
0.00277092
0.00227842
0.00240450
0.00318670
0.00295934
0.00346701
0.00329138
0.00283896
-0.00057293
0.00004247
0.00273408
0.00477327
0.00406754
0.00320277
0.00228235
0.00204568
0.00208856
0.00138245
0.00215091
-0.00150257
0.00256789
0.00243881
0.00241860
0.00319795
0.00136614
0.00306319
0.00351787
0.00199351
0.00189345
0.00453326
0.00200170
-0.00078082
0.00333259
0.00415631
0.00257210
0.00060710
-0.00343405
0.00248157
0.00356831
0.00298275
0.00429344
0.00112964
0.00264432
0.00270669
0.00106306
0.00342028
0.00496330
0.00199069
0.00258833
0.00199401
0.00114386
0.00234231
0.00103985
0.00177635
0.00250334
0.00489186
0.00185452
0.00037654
0.00301987
0.00328968
0.00326569
0.00107886
0.00190037
0.00307329
0.00153206
0.00230838
0.00212638
0.00121946
0.00106511
0.00418527
0.00253373
0.00199406
0.00171632
0.00235596
0.00042458
0.00366765
0.00429073
0.00438449
0.00078381
0.00318338
0.00005193
0.00048898
0.00187689
0.00295928
0.00301930
0.00246600
0.00382833
0.00279582
0.00294827
0.00185420
0.00288241
0.00280118
0.00082842
0.00178409
0.00399622
0.00330852
0.00180084
0.00192215
0.00239540
0.00532788
0.00031240
0.00049363
0.00195654
0.00197852
0.00219617
0.00229424
0.00294472
0.00228043
0.00115576
0.00279103
0.00222413
0.00260343
0.00210080
0.00210224
0.00260386
0.00323647
0.00295127
0.00147888
0.00158593
0.00137164
0.00148091
0.00184038
