0.00086368
-0.00060277
0.00386510
0.00010666
0.00290678
0.00123743
0.00102206
0.00173817
0.00096676
0.00483914
0.00089856
-0.00221728
0.00339048
0.00116929
-0.00029301
0.00199723
0.00132104
0.00168017
0.00314923
-0.00045434
0.00371928
0.00074890
-0.00052933
0.00151598
-0.00371949
0.00488947
0.00152651
0.00310609
-0.00063150
0.00332909
0.00063612
0.00129317
0.00358509
-0.00107935
0.00171810
0.00144317
0.00136084
0.00141259
0.00199103
0.00131790
0.00137062
0.00278658
0.00007670
0.00255085
0.00116432
-0.00186226
-0.00029998
0.00429343
0.00038629
0.00361549
-0.00006419
0.00098313
0.00220586
0.00073063
0.00155780
0.00244948
0.00114907
0.00202429
0.00068111
0.00057334
0.00312991
-0.00026730
0.00274159
0.00043461
0.00171667
0.00211065
0.00003906
0.00252309
0.00087168
0.00072114
0.00271132
0.00069120
0.00039162
0.00074042
0.00228361
0.00233854
0.00087951
0.00013412
0.00198346
0.00116042
0.00146504
0.00117613
0.00169368
0.00145131
0.00174827
0.00138740
0.00034415
0.00088967
0.00147888
0.00170453
0.00147911
0.00001908
0.00310714
0.00040123
0.00174039
0.00144666
0.00082133
0.00172899
0.00054861
0.00155389
0.00316257
0.00034938
0.00238730
0.00097322
0.00151616
0.00148372
0.00129109
0.00089385
0.00137410
0.00102282
0.00142097
0.00192674
0.00078545
0.00185496
0.00099092
0.00097454
0.00147833
0.00144916
0.00126948
0.00167350
0.00108314
0.00142170
0.00163076
0.00140689
0.00081449
0.00188065
0.00317052
0.00119925
0.00077029
0.00202364
0.00090114
0.00129069
0.00074961
0.00060651
0.00166573
0.00226887
0.00101300
0.00182548
0.00155681
0.00211069
0.00065856
0.00136205
0.00192033
0.00067959
0.00204173
0.00127681
0.00158671
0.00091147
0.00152910
0.00001436
0.00154779
0.00124004
0.00209262
0.00130019
0.00167270
0.00166326
0.00158461
0.00102786
0.00110318
0.00171163
0.00136717
0.00162070
0.00099013
0.00140116
0.00162109
0.00140510
0.00092427
0.00188794
0.00124992
0.00151391
0.00134207
0.00135039
0.00166294
0.00102530
0.00143424
0.00158238
0.00135506
0.00189465
0.00213192
0.00105574
0.00131591
0.00128403
0.00140285
0.00140414
0.00125354
0.00117360
0.00143174
0.00073060
0.00152829
0.00148351
0.00102416
0.00140547
0.00163465
0.00167725
0.00140928
0.00120048
0.00094720
0.00085080
0.00167441
0.00164651
0.00207620
0.00183962
0.00131056
0.00088959
0.00067417
0.00172525
0.00154312
0.00158250
0.00170154
0.00082409
0.00161352
0.00254867
0.00067466
0.00184254
0.00115788
0.00116891
0.00124561
0.00197883
0.00127776
0.00187794
0.00096904
0.00223700
0.00086039
0.00174621
0.00076750
0.00165375
0.00108517
0.00137454
0.00105187
0.00142904
0.00075663
0.00166125
0.00205894
0.00118065
0.00151022
0.00121457
0.00139684
0.00203717
0.00113848
0.00163398
0.00162880
0.00095413
0.00169671
0.00073517
0.00151122
0.00103780
0.00116541
0.00126721
0.00083977
0.00212907
0.00109126
0.00153523
0.00143204
0.00144684
0.00145502
0.00100882
0.00134362
0.00167437
0.00123084
0.00164043
0.00167650
0.00129231
0.00136993
0.00109939
0.00127716
0.00204656
0.00131308
0.00130446
0.00135021
0.00143169
0.00134663
0.00163657
0.00132368
0.00088363
0.00141131
0.00106234
0.00123125
0.00146066
0.00134744
0.00124834
0.00149963
0.00145131
0.00137887
0.00129868
0.00121242
0.00116774
0.00197591
0.00111683
0.00148926
0.00176808
0.00158110
0.00139237
0.00126436
0.00135052
0.00106078
0.00108074
0.00125044
0.00143910
0.00191296
0.00142439
0.00210190
0.00105674
0.00133907
0.00156084
0.00111604
0.00135332
0.00135247
0.00064643
0.00142227
0.00157824
0.00143460
0.00147758
0.00104930
0.00143666
0.00153276
0.00118122
0.00118857
0.00137890
0.00122560
0.00119743
0.00149404
0.00161813
0.00150575
0.00135424
0.00135861
0.00130971
0.00132530
0.00140187
0.00141185
0.00171309
0.00155296
0.00117829
0.00113856
0.00170083
0.00134481
0.00163385
0.00126016
0.00165630
0.00114136
0.00116793
0.00157865
0.00124049
0.00113889
0.00142572
0.00128230
0.00138874
0.00151657
0.00164779
0.00165676
0.00156679
0.00125226
0.00151992
0.00127323
0.00137804
0.00153233
0.00133041
0.00117793
0.00127938
0.00120141
0.00149431
0.00126930
0.00131341
0.00132539
0.00128518
0.00144807
0.00058746
0.00099134
0.00158701
0.00124695
0.00166076
0.00110897
0.00099418
0.00191749
0.00080217
0.00205591
0.00122824
0.00125293
0.00146224
0.00116336
0.00137757
0.00115436
0.00172205
0.00141340
0.00166178
0.00147071
0.00112657
0.00138900
0.00118782
0.00129832
0.00166719
0.00109041
0.00096085
0.00060117
0.00126994
0.00154322
0.00136277
0.00152740
0.00109731
0.00139604
0.00134979
0.00150634
0.00222825
0.00155461
0.00165480
0.00130334
0.00186492
0.00123864
0.00104395
0.00102604
0.00141684
0.00116552
0.00122381
0.00145019
0.00153451
0.00169694
0.00144859
0.00135327
0.00168689
0.00179268
0.00080188
0.00118126
0.00142921
0.00137141
0.00101712
0.00169397
0.00139699
0.00117039
0.00145019
0.00121035
0.00144451
0.00138017
0.00124169
0.00140134
0.00170907
0.00152200
0.00137988
0.00155352
0.00148351
0.00127737
0.00109167
0.00132184
0.00136571
0.00127845
0.00130282
0.00134530
0.00135771
0.00144010
0.00146774
0.00148863
0.00108239
0.00143840
0.00092184
0.00148164
0.00092916
0.00150918
0.00149251
0.00183236
0.00136945
0.00148100
0.00124320
0.00148068
0.00146366
0.00124921
0.00124415
0.00143822
0.00132679
0.00149285
0.00149227
0.00141574
0.00128391
0.00130745
0.00128410
0.00128166
0.00115012
0.00156142
0.00122414
0.00144031
0.00116486
0.00145576
0.00146212
0.00167511
0.00106457
0.00157207
0.00202136
0.00151064
0.00171091
0.00091001
0.00148687
0.00104714
0.00141548
0.00119857
0.00131402
0.00119217
0.00134959
0.00145017
0.00132456
0.00131351
0.00131103
0.00136519
0.00134605
0.00144894
0.00083333
0.00161976
0.00145591
0.00088045
0.00142310
0.00128711
0.00123067
0.00063580
0.00137930
0.00083087
0.00185651
0.00211493
0.00139774
0.00145821
0.00092965
0.00133231
0.00140036
0.00054068
0.00116258
0.00161380
0.00173166
0.00177978
0.00172532
0.00135935
0.00132054
0.00204922
0.00125779
0.00165318
0.00030008
0.00176580
0.00117428
0.00149261
0.00135513
0.00053699
0.00092802
0.00184431
0.00122190
0.00139054
0.00197304
0.00144586
0.00151401
0.00108387
0.00146767
0.00141390
0.00049752
0.00147639
0.00165882
0.00144636
0.00143416
0.00137018
0.00105917
0.00127946
0.00113863
0.00169707
0.00107987
0.00178782
0.00198098
0.00128747
0.00122150
0.00166776
0.00182401
0.00143972
0.00160588
0.00131202
0.00161978
0.00071358
0.00097948
0.00099122
0.00127414
0.00167871
0.00141773
0.00188703
0.00125061
0.00139544
0.00096732
0.00137837
0.00155855
0.00156486
0.00136476
0.00157240
0.00136770
0.00139736
0.00137412
0.00145283
0.00129668
0.00145663
0.00161635
0.00156377
0.00146249
0.00126229
0.00158935
0.00112197
0.00139154
0.00134986
0.00027626
0.00147726
0.00143038
0.00148227
0.00151704
0.00102978
0.00150227
0.00137024
0.00148279
0.00174009
0.00118617
0.00143106
0.00116559
0.00079621
0.00145533
0.00125442
0.00112260
0.00189986
0.00139873
0.00144497
0.00201428
0.00142287
0.00137036
0.00130734
0.00081507
0.00141255
0.00139136
0.00153361
0.00125165
0.00135767
0.00140183
0.00120730
0.00134308
0.00142748
0.00169251
0.00167135
0.00107142
0.00120436
0.00163478
0.00141227
0.00135234
0.00146522
0.00162853
0.00174218
0.00087137
0.00133054
0.00177300
0.00130919
0.00183915
0.00080989
0.00153474
0.00125522
0.00119874
0.00074314
0.00169022
0.00142343
0.00118876
0.00146575
0.00178241
0.00149878
0.00139824
0.00163195
0.00114263
0.00151148
0.00145984
0.00135230
0.00128459
0.00146157
0.00154115
0.00148138
0.00172216
0.00119556
0.00185223
0.00164882
0.00136133
0.00126603
0.00133201
0.00151534
0.00128588
0.00125279
0.00089715
0.00149671
0.00142556
0.00120485
0.00166246
0.00141267
0.00157504
0.00113726
0.00113087
0.00124210
0.00140036
0.00148208
0.00143669
0.00142872
0.00144039
0.00143910
0.00140729
0.00139981
0.00146073
0.00117864
0.00150234
0.00123588
0.00135092
0.00140791
0.00083595
0.00123838
0.00158653
0.00171883
0.00146075
0.00126834
0.00160202
0.00148752
0.00156642
0.00134254
0.00115395
0.00137848
0.00162975
0.00093626
0.00185775
0.00141881
0.00133326
0.00100047
0.00166055
0.00124970
0.00126264
0.00150904
0.00100831
0.00139733
0.00129402
0.00133247
0.00142482
0.00118586
0.00152937
0.00143874
0.00148012
0.00143404
0.00140911
0.00132989
0.00092649
0.00135226
0.00137295
0.00162537
0.00131196
0.00161767
0.00142040
0.00116629
0.00143462
0.00066156
0.00149352
0.00090726
0.00110095
0.00154468
0.00112657
0.00174148
0.00145875
0.00099882
0.00165521
0.00162045
0.00168828
0.00103290
0.00134552
0.00128669
0.00143594
0.00137866
0.00122937
0.00105522
0.00132451
0.00135721
0.00181258
0.00101324
0.00200979
0.00078231
0.00143474
0.00137765
0.00125828
0.00127384
0.00141989
0.00092810
0.00189986
0.00071531
0.00150699
0.00159688
0.00226372
0.00123329
0.00136014
0.00174312
0.00106582
0.00133201
0.00134207
0.00070862
0.00177334
0.00163185
0.00150960
0.00222545
0.00017142
0.00266936
0.00121687
0.00096450
0.00111191
0.00136805
0.00149148
0.00042387
0.00169360
0.00136372
0.00133570
0.00144120
0.00145504
0.00143897
0.00143608
0.00175293
0.00167438
0.00134148
0.00136702
0.00086457
0.00168546
0.00151156
0.00135491
0.00127399
0.00130805
0.00257656
0.00109128
0.00090768
0.00209554
0.00092616
0.00110734
0.00147264
0.00135341
0.00124259
0.00134303
0.00128531
0.00132374
0.00173717
0.00141115
0.00138952
0.00031645
0.00105026
0.00194784
0.00148962
0.00123537
0.00173873
0.00155788
0.00139280
0.00159451
0.00109924
0.00140413
0.00191930
0.00108487
0.00122445
0.00133610
0.00160044
0.00193374
0.00072352
0.00124093
0.00136092
0.00139575
0.00169384
0.00119100
0.00139713
0.00146195
0.00137968
0.00092070
0.00153869
0.00161482
0.00111888
0.00143214
0.00104757
0.00143891
0.00060775
0.00075564
0.00080488
0.00164486
0.00125160
0.00169652
0.00164554
0.00120758
0.00145185
0.00069030
0.00155248
0.00164298
0.00179442
0.00142463
0.00120082
0.00094467
0.00115239
0.00141013
0.00111491
0.00149202
0.00213876
0.00123757
0.00139289
0.00191315
0.00140528
0.00088211
0.00154245
0.00115906
0.00119697
0.00158669
0.00165288
0.00133649
0.00160923
0.00132119
0.00097892
0.00146807
0.00134002
0.00143179
0.00100669
0.00158622
0.00140087
0.00115768
0.00163940
0.00139695
0.00150866
0.00114409
0.00108702
0.00145087
0.00015322
0.00102007
0.00179228
0.00131296
0.00156714
0.00152898
0.00013472
0.00284416
0.00068343
0.00329883
0.00156669
0.00234517
-0.00033597
0.00137546
0.00195578
0.00130027
0.00128514
0.00121007
0.00072726
0.00078509
0.00133172
0.00194040
0.00149465
0.00142436
0.00188120
0.00173175
0.00053037
0.00154299
0.00091376
0.00176849
0.00139110
0.00066652
0.00054731
0.00190555
0.00149444
0.00126413
0.00118942
0.00115686
0.00259767
0.00183859
0.00061633
0.00158179
0.00136649
0.00009004
0.00173343
0.00184914
0.00182208
0.00105322
0.00157741
0.00165824
0.00223867
0.00122329
0.00072271
0.00263035
0.00116107
0.00114769
0.00228433
-0.00048497
0.00094455
0.00174554
0.00160458
0.00116088
0.00198546
0.00112795
0.00047391
0.00191151
0.00088479
0.00151911
0.00131625
0.00140600
0.00125998
0.00149529
0.00125773
0.00141605
0.00220620
0.00134992
0.00106490
0.00156062
0.00203787
0.00101828
0.00148756
0.00092524
0.00145680
0.00141848
0.00152351
0.00163187
0.00177152
0.00058294
0.00183993
0.00125997
0.00183449
0.00136856
0.00131565
0.00136908
0.00133184
0.00051527
0.00175726
0.00139429
0.00115433
0.00149519
0.00106900
0.00147644
0.00141958
0.00186221
0.00117639
0.00142369
0.00162326
0.00128062
0.00169886
0.00098179
0.00184538
0.00195403
0.00055006
0.00139588
0.00224046
0.00248633
0.00047699
0.00190282
0.00078011
0.00235070
0.00182972
0.00164554
0.00107650
0.00137439
0.00306319
-0.00043319
0.00137421
0.00086717
0.00075798
-0.00006537
0.00254294
0.00158676
0.00134652
0.00225162
0.00085486
0.00073899
0.00165426
0.00082677
0.00051112
0.00172832
0.00293530
0.00072530
0.00207866
0.00156967
0.00130115
0.00171165
0.00082382
0.00109708
0.00126551
0.00143387
0.00130268
0.00127538
0.00114881
0.00135056
0.00157428
0.00151376
0.00141125
0.00034509
0.00165769
0.00085671
0.00138793
0.00137828
0.00228020
0.00089025
0.00232569
0.00115275
0.00112142
0.00141325
0.00230388
0.00142758
0.00081760
0.00161941
0.00105318
0.00107459
0.00167844
0.00095671
0.00142208
0.00097632
0.00175115
0.00153659
0.00133125
0.00062069
0.00224162
0.00298938
0.00201005
-0.00047448
0.00110328
0.00189345
0.00109810
0.00167663
0.00133658
0.00042816
0.00202327
0.00128281
0.00204309
0.00107463
0.00126532
0.00109053
0.00142945
0.00125708
0.00175282
0.00138481
0.00121652
0.00141696
0.00157852
0.00112324
0.00142024
