-0.00306592
-0.00345045
-0.00362277
-0.00156435
-0.00241844
-0.00222847
-0.00174768
-0.00166674
-0.00247940
-0.00168041
-0.00182887
-0.00048860
-0.00092003
-0.00120672
0.00044917
-0.00060695
-0.00233228
-0.00217536
-0.00078417
-0.00066013
-0.00229013
-0.00017921
-0.00072274
-0.00103945
-0.00461669
-0.00490738
-0.00367977
-0.00157193
-0.00129204
-0.00235599
-0.00111413
-0.00185450
-0.00130983
-0.00198915
-0.00062854
-0.00168796
-0.00102518
-0.00131010
-0.00088695
-0.00119329
-0.00049223
-0.00062539
-0.00017930
-0.00075429
-0.00097338
-0.00222341
-0.00368930
-0.00432324
-0.00311393
-0.00385983
-0.00132767
-0.00296368
-0.00295385
-0.00219259
-0.00207288
-0.00245579
-0.00160364
-0.00142732
-0.00149227
-0.00247223
-0.00405756
-0.00116231
-0.00281101
-0.00228963
-0.00054532
-0.00281326
-0.00112800
-0.00180532
-0.00143060
-0.00232406
-0.00228455
-0.00073623
-0.00247566
-0.00248339
-0.00378288
-0.00260868
-0.00085065
-0.00142875
-0.00305142
-0.00115822
-0.00182255
-0.00271023
-0.00283189
-0.00244532
-0.00177964
-0.00190478
-0.00385655
-0.00181123
-0.00336588
-0.00362195
-0.00299971
-0.00276419
-0.00267094
-0.00238771
-0.00149863
-0.00180048
-0.00287423
-0.00226022
-0.00216626
-0.00163060
-0.00204498
-0.00238402
-0.00228282
-0.00251459
-0.00270043
-0.00189031
-0.00197510
-0.00246058
-0.00221788
-0.00248048
-0.00225029
-0.00322333
-0.00196608
-0.00161991
-0.00452219
-0.00334176
-0.00208792
-0.00221419
-0.00399002
-0.00305238
-0.00285593
-0.00288785
-0.00191341
-0.00208034
0.00087829
-0.00078864
-0.00113947
-0.00027633
-0.00210001
-0.00227141
-0.00145321
-0.00181178
-0.00235879
-0.00218358
-0.00266650
-0.00186168
-0.00203939
-0.00161861
-0.00126883
-0.00139173
-0.00110682
-0.00138550
-0.00104747
-0.00158750
-0.00190892
0.00052264
-0.00198215
-0.00198755
-0.00167855
-0.00220241
-0.00197425
-0.00371013
-0.00075174
-0.00278042
-0.00323112
-0.00237411
0.00021236
-0.00062612
-0.00097194
-0.00085977
-0.00115497
-0.00173379
-0.00061586
-0.00170997
-0.00192364
-0.00177044
-0.00184820
-0.00217541
-0.00152823
-0.00166623
-0.00174441
-0.00223503
-0.00334934
-0.00116755
-0.00269680
-0.00211626
-0.00189953
-0.00395337
-0.00172514
-0.00148664
-0.00195236
-0.00191890
-0.00125796
-0.00200418
-0.00196207
-0.00196827
-0.00227633
-0.00246476
-0.00328024
-0.00259547
-0.00286894
-0.00264897
-0.00236014
-0.00178117
-0.00188787
-0.00209964
-0.00246750
-0.00291372
-0.00219265
-0.00342120
-0.00221369
0.00041682
-0.00073126
-0.00354991
-0.00361949
-0.00215005
-0.00285528
-0.00235347
-0.00212232
-0.00107767
-0.00222500
-0.00191062
-0.00191193
-0.00083940
-0.00056193
-0.00036856
-0.00083212
-0.00217695
-0.00180697
-0.00153860
-0.00203807
-0.00152282
-0.00081814
-0.00122815
-0.00166266
-0.00237492
-0.00194737
-0.00190767
-0.00202327
-0.00194646
-0.00230712
-0.00230572
-0.00241732
-0.00075727
-0.00199936
-0.00031013
-0.00251585
-0.00229821
-0.00078135
-0.00130086
-0.00100229
-0.00173640
-0.00041592
-0.00055391
-0.00186339
-0.00150134
-0.00191810
-0.00194486
-0.00179548
-0.00247899
-0.00236190
-0.00257661
-0.00133300
-0.00167223
-0.00148683
-0.00142340
-0.00131952
-0.00186201
-0.00264222
-0.00223465
-0.00168789
-0.00224328
-0.00205588
-0.00191863
-0.00208481
-0.00142615
-0.00165092
-0.00023312
-0.00094113
-0.00136826
-0.00142177
-0.00141769
-0.00148394
-0.00104756
-0.00130853
-0.00298577
-0.00302996
-0.00253174
-0.00152280
-0.00117582
-0.00222331
-0.00201930
-0.00153808
-0.00110427
-0.00175843
-0.00129046
-0.00186426
-0.00195444
-0.00320432
-0.00114199
-0.00080375
-0.00196467
-0.00180951
-0.00179528
-0.00218230
-0.00241622
-0.00216445
-0.00226060
-0.00136805
-0.00173802
-0.00139467
-0.00221615
-0.00199337
-0.00287689
-0.00096452
-0.00146289
-0.00158163
-0.00298173
-0.00294697
-0.00184254
-0.00094356
-0.00356260
-0.00157886
-0.00162975
-0.00323190
-0.00174478
-0.00117049
-0.00266700
-0.00193257
-0.00195491
-0.00192174
-0.00200386
-0.00289641
-0.00156976
-0.00260370
-0.00222958
-0.00213949
-0.00258788
-0.00230113
-0.00180254
-0.00147528
-0.00079412
-0.00064847
-0.00109392
-0.00126969
-0.00072381
-0.00158360
-0.00275452
-0.00211047
-0.00211071
-0.00200703
-0.00181548
-0.00147269
-0.00115038
-0.00138485
-0.00182617
-0.00226709
-0.00162456
-0.00142554
-0.00108158
-0.00121112
-0.00237520
-0.00227205
-0.00143238
-0.00196286
-0.00188430
-0.00165551
-0.00166357
-0.00102538
-0.00087326
-0.00199663
-0.00247378
-0.00163550
-0.00144274
-0.00159425
-0.00221635
-0.00320777
-0.00219879
-0.00257087
-0.00294055
-0.00096746
-0.00182476
-0.00313488
-0.00203311
-0.00344921
-0.00246754
-0.00227223
-0.00144648
-0.00219064
-0.00236765
-0.00249043
-0.00204557
-0.00203230
-0.00098640
-0.00164733
-0.00240617
-0.00209763
-0.00188949
-0.00205120
-0.00205494
-0.00147390
-0.00248937
-0.00305622
-0.00212999
-0.00212324
-0.00243288
-0.00222997
-0.00262759
-0.00219131
-0.00266443
-0.00236486
-0.00143461
-0.00158872
-0.00151367
-0.00165037
-0.00075459
-0.00120539
-0.00137935
-0.00192824
-0.00152039
-0.00157262
-0.00157125
-0.00308069
-0.00068871
-0.00115793
-0.00255295
-0.00213546
-0.00256660
-0.00264392
-0.00256432
-0.00217780
-0.00276205
-0.00243271
-0.00270175
-0.00217718
-0.00115716
-0.00133661
-0.00241747
-0.00257941
-0.00310513
-0.00186951
-0.00130453
-0.00157258
-0.00137743
-0.00124107
-0.00144965
-0.00134958
-0.00108568
-0.00174586
-0.00105787
-0.00217854
-0.00146274
-0.00209796
-0.00214159
-0.00197902
-0.00224819
-0.00208624
-0.00128024
-0.00196065
-0.00182183
-0.00183775
-0.00253518
-0.00221016
-0.00199913
-0.00219279
-0.00255742
-0.00214929
-0.00195355
-0.00163474
-0.00190426
-0.00202609
-0.00154542
-0.00228525
-0.00193217
-0.00157220
-0.00143526
-0.00174580
-0.00166209
-0.00156220
-0.00149275
-0.00213701
-0.00193233
-0.00156529
-0.00176964
-0.00191490
-0.00136800
-0.00169826
-0.00195146
-0.00186139
-0.00218938
-0.00230273
-0.00209086
-0.00206930
-0.00195100
-0.00104024
-0.00092494
-0.00096879
-0.00165947
-0.00154369
-0.00056254
-0.00205205
-0.00140340
-0.00143907
-0.00176097
-0.00162140
-0.00145290
-0.00161760
-0.00216242
-0.00132569
-0.00259661
-0.00219291
-0.00260702
-0.00238416
-0.00222968
-0.00206672
-0.00129954
-0.00146489
-0.00196923
-0.00187441
-0.00153884
-0.00193508
-0.00107564
-0.00219900
-0.00230379
-0.00207817
-0.00217627
-0.00049755
-0.00147260
-0.00121281
-0.00458402
-0.00464181
-0.00296729
-0.00281730
-0.00211103
-0.00221989
-0.00296953
-0.00154748
-0.00186241
-0.00019797
-0.00096934
-0.00210429
-0.00141849
-0.00107028
-0.00131527
-0.00307039
-0.00178374
-0.00316288
-0.00305318
-0.00241026
-0.00230816
-0.00055433
-0.00083066
-0.00176822
-0.00119469
-0.00207287
-0.00195976
-0.00310212
-0.00178968
-0.00120205
-0.00151673
-0.00126196
-0.00307589
-0.00218929
-0.00284505
-0.00237513
-0.00211325
-0.00237659
-0.00164855
-0.00241509
-0.00269277
-0.00238710
-0.00146168
-0.00200553
-0.00182834
-0.00117312
-0.00181884
-0.00170336
-0.00230853
-0.00215528
-0.00275061
-0.00326469
-0.00269663
-0.00193418
-0.00164104
-0.00181938
-0.00206207
-0.00133138
-0.00129294
-0.00149908
-0.00100333
-0.00245877
-0.00204516
-0.00147959
-0.00146932
-0.00233305
-0.00192691
-0.00058793
-0.00306592
-0.00184723
-0.00196558
-0.00025787
-0.00117041
-0.00196030
-0.00173288
-0.00172802
-0.00182340
-0.00258449
-0.00295806
-0.00197712
-0.00167718
-0.00197179
-0.00193558
-0.00287027
-0.00190553
-0.00198437
-0.00154423
-0.00171732
-0.00213342
-0.00173207
-0.00255424
-0.00214402
-0.00248256
-0.00240948
-0.00181740
-0.00191220
-0.00112703
-0.00190557
-0.00149968
-0.00169911
-0.00186569
-0.00256847
-0.00220226
-0.00149516
-0.00203440
-0.00462770
-0.00336500
-0.00249895
-0.00277234
-0.00367316
-0.00219570
-0.00286581
-0.00189798
-0.00211734
-0.00199202
-0.00197721
-0.00198919
-0.00206130
-0.00197282
-0.00168657
-0.00209951
-0.00191646
-0.00199420
-0.00041892
-0.00095784
-0.00059743
-0.00072324
-0.00075681
-0.00268307
-0.00084165
-0.00306395
-0.00087105
-0.00146726
-0.00154378
-0.00233623
-0.00339942
-0.00226902
-0.00268081
-0.00226174
-0.00259065
0.00044615
-0.00074162
-0.00104864
-0.00126567
-0.00282034
-0.00042082
-0.00265022
-0.00115291
-0.00085873
-0.00136271
-0.00023537
-0.00086479
-0.00249224
0.00018201
-0.00070591
-0.00170033
-0.00363149
-0.00248339
-0.00199842
-0.00218036
-0.00159124
-0.00021973
-0.00097794
-0.00122578
-0.00165972
-0.00181577
-0.00276767
-0.00170875
-0.00181197
-0.00134321
-0.00136430
-0.00088664
-0.00142620
-0.00149242
-0.00117386
-0.00060214
-0.00165096
-0.00068942
-0.00085177
-0.00112548
-0.00167016
-0.00287952
-0.00233512
-0.00221997
-0.00223971
-0.00098375
-0.00120603
-0.00284574
-0.00141065
-0.00168189
-0.00257640
-0.00221362
-0.00217141
-0.00156698
-0.00134274
-0.00209778
-0.00190287
-0.00199429
-0.00156273
-0.00150249
-0.00204391
-0.00242410
-0.00215440
-0.00128099
-0.00257310
-0.00221216
-0.00155205
-0.00174157
-0.00214923
-0.00199828
-0.00225458
-0.00042231
-0.00111648
-0.00147422
-0.00161476
-0.00218824
-0.00203373
-0.00179842
-0.00156809
-0.00166623
-0.00041906
-0.00110101
-0.00132298
-0.00216853
-0.00189362
-0.00210490
-0.00226001
-0.00206811
-0.00452733
-0.00286465
-0.00345938
-0.00241501
-0.00270805
-0.00099362
-0.00157162
-0.00167358
-0.00233666
-0.00267826
-0.00256256
-0.00163777
-0.00177656
-0.00229723
-0.00205587
-0.00231180
-0.00271916
-0.00102139
-0.00175903
-0.00191949
-0.00173154
-0.00169924
-0.00173163
-0.00196416
-0.00185143
-0.00155728
-0.00240164
-0.00076953
-0.00129348
-0.00329586
-0.00208194
-0.00114401
-0.00150114
-0.00091934
-0.00065923
-0.00125623
-0.00135668
-0.00300268
-0.00088833
-0.00154752
-0.00222614
-0.00071952
-0.00070257
-0.00199028
-0.00176644
-0.00116286
-0.00186569
-0.00175258
-0.00205090
-0.00161660
-0.00248385
-0.00239138
-0.00207958
-0.00212674
-0.00204856
-0.00129817
-0.00159732
-0.00213088
-0.00192430
-0.00189739
-0.00112002
-0.00155302
-0.00207252
-0.00236679
-0.00210675
-0.00091182
0.00064321
0.00071736
-0.00085595
-0.00000972
-0.00153568
-0.00055263
-0.00091342
0.00007097
-0.00058401
-0.00205414
-0.00216365
-0.00399707
-0.00050790
-0.00126161
-0.00197416
-0.00187156
-0.00300350
-0.00283599
-0.00564408
-0.00226309
-0.00412514
-0.00171744
-0.00351842
-0.00191925
-0.00206466
-0.00180157
-0.00191561
-0.00040465
-0.00250856
-0.00222256
-0.00248886
-0.00259484
-0.00205917
0.00058052
-0.00221761
-0.00201825
-0.00189697
-0.00163741
-0.00204092
-0.00190718
-0.00132782
-0.00156072
-0.00224718
-0.00100871
-0.00172084
-0.00048330
-0.00106022
-0.00205155
-0.00260756
-0.00234533
-0.00345103
-0.00266980
-0.00245976
-0.00152657
-0.00002076
-0.00090525
-0.00339445
-0.00399192
-0.00312446
-0.00317323
-0.00244339
-0.00164884
-0.00190397
-0.00172625
-0.00180016
-0.00239986
-0.00296695
-0.00179599
-0.00192649
-0.00207090
0.00062513
-0.00053667
-0.00403176
-0.00136366
-0.00197723
-0.00209589
-0.00163435
-0.00195424
-0.00157254
-0.00132995
-0.00153755
-0.00132687
-0.00150437
-0.00125188
-0.00225920
-0.00233182
-0.00206107
-0.00255906
-0.00329088
-0.00270467
-0.00218842
-0.00159069
-0.00182063
-0.00105321
-0.00144631
-0.00192966
-0.00182503
-0.00250296
-0.00315307
-0.00118922
-0.00100508
-0.00136480
-0.00150995
-0.00373171
-0.00378887
-0.00217450
-0.00063579
0.00003193
-0.00117731
-0.00091169
-0.00120681
-0.00121034
-0.00099950
-0.00122715
-0.00281914
-0.00090185
-0.00233339
-0.00264051
-0.00154918
-0.00149085
-0.00164887
-0.00165074
-0.00071298
-0.00152595
-0.00199715
-0.00167070
-0.00146920
-0.00159045
-0.00264010
-0.00248571
-0.00219380
-0.00209714
-0.00274829
-0.00211146
-0.00338569
-0.00125168
-0.00136764
-0.00084151
-0.00001597
-0.00075444
0.00061119
-0.00026210
0.00020001
0.00019880
-0.00085310
-0.00139625
-0.00118614
-0.00148661
-0.00145536
-0.00379605
-0.00126884
-0.00247779
-0.00116342
-0.00152468
0.00118919
-0.00217257
-0.00193719
-0.00181880
-0.00164355
-0.00297796
-0.00150342
-0.00183184
-0.00210514
-0.00215036
-0.00203883
-0.00247230
-0.00175571
-0.00336863
-0.00268812
-0.00097489
-0.00171266
-0.00169685
-0.00176200
-0.00108974
-0.00114685
-0.00214171
-0.00141428
-0.00101762
-0.00162239
-0.00195542
-0.00187760
-0.00236031
-0.00260562
-0.00076419
-0.00080016
-0.00169612
-0.00140505
-0.00143573
-0.00084334
-0.00121555
-0.00104640
-0.00127896
-0.00090864
-0.00200379
-0.00176354
-0.00298046
-0.00345024
-0.00397879
-0.00317428
-0.00369935
-0.00150643
-0.00153277
-0.00180807
-0.00126851
-0.00024194
-0.00178621
-0.00102594
-0.00277499
-0.00205245
0.00080340
-0.00039309
-0.00077672
-0.00074589
-0.00262114
-0.00058482
-0.00145154
-0.00179365
-0.00147662
-0.00028234
0.00131520
-0.00316613
-0.00160357
-0.00213783
-0.00472031
-0.00351828
-0.00257818
-0.00196335
-0.00349117
-0.00045777
-0.00391820
-0.00230534
-0.00085831
-0.00098319
-0.00134163
-0.00174811
-0.00071747
-0.00291181
-0.00195856
-0.00162975
-0.00188795
-0.00076717
-0.00160011
-0.00144911
-0.00164030
-0.00201447
-0.00340747
-0.00299107
-0.00187284
-0.00198104
-0.00212320
-0.00209578
-0.00175177
-0.00203519
-0.00196809
-0.00247305
-0.00159694
-0.00158670
-0.00279369
-0.00271701
-0.00278383
-0.00148260
-0.00211658
-0.00161917
-0.00084157
-0.00207099
-0.00190923
-0.00153039
-0.00361991
-0.00507124
-0.00260512
-0.00256582
-0.00270578
-0.00112665
-0.00164965
-0.00279015
-0.00218115
-0.00231510
-0.00366376
-0.00524886
-0.00500056
-0.00339962
-0.00008637
-0.00044507
-0.00248041
-0.00217680
-0.00077303
-0.00222054
-0.00192630
-0.00131635
-0.00085621
-0.00112403
-0.00163916
-0.00229740
-0.00141804
-0.00182435
-0.00175792
-0.00303503
-0.00234165
-0.00221229
-0.00212665
-0.00207246
-0.00238640
-0.00252338
-0.00229468
